2 0.9525781249999999 0.655421875 0.094828125 0.436234375
1 0.9260468749999999 0.6588437500000001 0.142734375 0.674390625
2 0.16203125000000002 0.413671875 0.15978125 0.39103125
1 0.150828125 0.48931250000000004 0.21790625000000002 0.8211718749999999
1 0.7238749999999999 0.557171875 0.205625 0.852765625
0 0.537890625 0.305203125 0.084484375 0.11882812499999999
0 0.186890625 0.131296875 0.09678125 0.13403125
0 0.35534374999999996 0.237796875 0.081578125 0.12789062499999998
1 0.34245312499999997 0.53640625 0.16365625 0.719859375
1 0.515703125 0.606046875 0.161984375 0.7050625
2 0.531359375 0.53553125 0.131109375 0.330578125
2 0.349859375 0.438734375 0.129765625 0.295890625
2 0.726765625 0.45296875 0.153984375 0.34984375
0 0.74803125 0.1531875 0.09259375 0.098265625