1 0.187640625 0.477921875 0.128609375 0.8430624999999999
1 0.31770312500000003 0.45276562499999995 0.11193749999999998 0.59184375
1 0.435921875 0.47192187499999994 0.09837500000000006 0.53640625
1 0.559546875 0.5071875 0.11515625000000007 0.4864218749999999
1 0.69703125 0.476078125 0.13846875 0.6206093749999999
1 0.85346875 0.5977812499999999 0.15246874999999988 0.5793593750000001
2 0.18328125 0.37075 0.106484375 0.32067187499999994
2 0.32018749999999996 0.383390625 0.10353124999999999 0.261140625
2 0.42709374999999994 0.39834375 0.08517187499999998 0.21067187500000006
2 0.5646093750000001 0.46128125000000003 0.087890625 0.21157812499999995
2 0.70528125 0.391375 0.10139062499999998 0.228015625
2 0.8602968750000001 0.54959375 0.10339062500000011 0.25426562500000005
1 0.8748125 0.3510625 0.07437499999999986 0.08934375000000001
0 0.713796875 0.20365625 0.06037499999999998 0.07576562500000002
0 0.879609375 0.35046875 0.07504687499999996 0.0836875
0 0.568734375 0.294546875 0.06934375 0.079
0 0.43206249999999996 0.25853125 0.068359375 0.09623437499999996
0 0.33178125 0.21170312500000002 0.05975000000000001 0.10079687499999998
0 0.19185937500000003 0.096703125 0.07901562499999999 0.08062499999999999