1 0.25765625000000003 0.40356249999999994 0.115796875 0.4025
2 0.43893750000000004 0.35535937500000003 0.050062499999999996 0.114328125
0 0.257390625 0.214453125 0.0420625 0.038125
2 0.369375 0.3443125 0.054421874999999995 0.13709375
1 0.6269218750000001 0.41467187499999997 0.09690625 0.370046875
2 0.501765625 0.380515625 0.053468749999999995 0.113328125
0 0.613 0.259203125 0.033765625 0.04384375
1 0.369375 0.385390625 0.0715625 0.31646874999999997
2 0.256484375 0.342046875 0.0718125 0.15440625
0 0.548359375 0.22628125 0.04021875 0.041015625
1 0.440828125 0.40071874999999996 0.063765625 0.293390625
2 0.609984375 0.374734375 0.062125 0.15912500000000002
0 0.43729687500000003 0.274421875 0.03359375 0.043140625
2 0.5515156250000001 0.332703125 0.04959375 0.129140625
0 0.3774375 0.24532812499999998 0.032953125 0.047625