1 0.080234375 0.483578125 0.15484375 0.698125
1 0.23139062500000002 0.516390625 0.126828125 0.611953125
1 0.352109375 0.561734375 0.10484374999999999 0.644609375
1 0.49175 0.543828125 0.13414062499999999 0.912359375
1 0.6587500000000001 0.606328125 0.20475 0.7873593750000001
0 0.080078125 0.19248437499999999 0.083125 0.09809375000000001
0 0.21751562500000002 0.25715625000000003 0.07228124999999999 0.10240625
0 0.343703125 0.277390625 0.070203125 0.08932812500000001
0 0.48584375 0.13571875 0.09109375 0.0916875
0 0.66659375 0.27875 0.09990625 0.12775
2 0.07559375 0.392890625 0.136671875 0.29353125
2 0.22703125000000002 0.423359375 0.10470312500000001 0.242875
2 0.35176562499999997 0.5037812500000001 0.09523437500000001 0.287640625
2 0.488765625 0.43728125 0.10584374999999999 0.35553124999999997
2 0.64178125 0.6256406250000001 0.17696875 0.46884375