1 0.342578125 0.6282656249999999 0.117046875 0.532125
1 0.48898437499999997 0.631984375 0.191109375 0.7360156250000001
1 0.7251875 0.567484375 0.12332812500000001 0.468625
1 0.9333281250000001 0.683328125 0.133359375 0.63334375
0 0.96034375 0.3991875 0.07132812499999999 0.0650625
0 0.719890625 0.35640625 0.041328125 0.0478125
0 0.48465625 0.30046875 0.07976562499999999 0.0774375
0 0.34165625 0.394125 0.057171875000000004 0.06832812499999999
2 0.348078125 0.547640625 0.09232812500000001 0.21018750000000003
2 0.47973437499999994 0.625421875 0.15475 0.38359375
2 0.5879375 0.550765625 0.0720625 0.16284375
2 0.7159375 0.5055468750000001 0.08696875 0.20187499999999997
2 0.9455937499999999 0.624015625 0.10879687499999999 0.28703124999999996