1 0.657421875 0.6282656249999999 0.11704687499999995 0.5321250000000001
1 0.511015625 0.631984375 0.19110937500000008 0.736015625
1 0.2748125 0.567484375 0.12332812500000001 0.46862499999999996
1 0.06640625 0.6828125 0.1328125 0.634375
0 0.03965624999999999 0.39918750000000003 0.071328125 0.06506249999999998
0 0.280109375 0.35640625 0.04132812499999998 0.047812500000000036
0 0.51534375 0.30046875 0.07976562499999992 0.0774375
0 0.65834375 0.394125 0.05717187500000005 0.06832812500000003
2 0.651921875 0.547640625 0.09232812500000005 0.21018749999999997
2 0.5202656250000001 0.625421875 0.15474999999999994 0.38359375
2 0.41206250000000005 0.550765625 0.0720625 0.16284375000000004
2 0.2840625 0.5055468750000001 0.08696874999999996 0.2018749999999999
2 0.05440625000000008 0.624015625 0.10879687499999999 0.28703125000000007