1 0.91565625 0.700140625 0.16867187500000008 0.590734375
1 0.691453125 0.6016875 0.1270624999999999 0.4761875
2 0.450875 0.6594843749999999 0.15840625 0.39485937500000007
1 0.305625 0.6619843750000001 0.12251562500000004 0.5471406249999999
0 0.69053125 0.38265625000000003 0.041671874999999935 0.04484374999999998
0 0.31284375 0.424796875 0.059078125 0.07076562499999994
2 0.9212031250000001 0.664859375 0.12646875000000007 0.28803124999999985
1 0.46792187500000004 0.645953125 0.19573437499999996 0.7080781249999999
2 0.3223125 0.583546875 0.09698437499999998 0.22459375
2 0.5626249999999999 0.571484375 0.07657812499999998 0.159375
2 0.6857968750000001 0.533796875 0.08479687499999997 0.19418749999999996
0 0.45599999999999996 0.328953125 0.08639062499999994 0.08210937500000001
0 0.927375 0.438953125 0.07712499999999985 0.07068750000000001