1 0.08434375000000002 0.700140625 0.16867187499999997 0.590734375
1 0.30854687500000005 0.6016875 0.1270625 0.4761875
2 0.549125 0.6594843749999999 0.15840625 0.39485937500000007
1 0.694375 0.6619843750000001 0.12251562499999995 0.5471406249999999
0 0.30946875 0.38265625000000003 0.041671875000000025 0.04484374999999998
0 0.6871562499999999 0.424796875 0.05907812499999991 0.07076562499999994
2 0.07879687499999992 0.664859375 0.12646875 0.28803124999999985
1 0.532078125 0.645953125 0.19573437499999996 0.7080781249999999
2 0.6776875 0.583546875 0.09698437500000008 0.22459375
2 0.437375 0.571484375 0.07657812499999998 0.159375
2 0.31420312499999997 0.533796875 0.08479687499999997 0.19418749999999996
0 0.544 0.328953125 0.08639062499999994 0.08210937500000001
0 0.07262500000000002 0.438953125 0.07712500000000003 0.07068750000000001