1 0.765109375 0.54325 0.1135625000000001 0.44251562499999986
1 0.5960625 0.62821875 0.18179687500000002 0.6373749999999999
1 0.33043750000000005 0.576953125 0.12750000000000003 0.41203125000000007
2 0.599515625 0.5248125 0.10845312499999996 0.23792187499999998
0 0.587015625 0.325171875 0.05218749999999996 0.05059374999999999
2 0.7670312499999999 0.45298437500000005 0.07492187500000007 0.1575156250000001
2 0.45151562500000003 0.466234375 0.049125000000000085 0.09682812500000004
1 0.4615 0.51265625 0.08482812499999995 0.35423437500000005
0 0.6592499999999999 0.34240624999999997 0.030124999999999957 0.030421875000000043
2 0.3453125 0.493546875 0.08901562500000004 0.20123437499999994
0 0.761203125 0.3366875 0.04342187499999994 0.04271874999999996