1 0.23489062500000002 0.54325 0.11356250000000001 0.44251562499999997
1 0.40393749999999995 0.62821875 0.181796875 0.637375
1 0.6695625 0.576953125 0.1275 0.41203124999999996
2 0.400484375 0.5248125 0.108453125 0.237921875
0 0.412984375 0.325171875 0.0521875 0.05059375000000001
2 0.23296875 0.45298437500000005 0.074921875 0.157515625
2 0.5484843749999999 0.466234375 0.049125 0.096828125
1 0.5385 0.51265625 0.084828125 0.354234375
0 0.34075 0.34240624999999997 0.030125000000000002 0.030421874999999998
2 0.6546875 0.493546875 0.089015625 0.201234375
0 0.23879687500000002 0.3366875 0.043421875 0.04271875