1 0.25765625000000003 0.40356249999999994 0.11579687500000002 0.4025
2 0.43893750000000004 0.35535937500000003 0.05006249999999994 0.11432812499999993
0 0.257390625 0.214453125 0.042062500000000023 0.038124999999999964
2 0.369375 0.3443125 0.054421874999999974 0.13709375000000001
1 0.6269218750000001 0.41467187499999997 0.09690624999999997 0.37004687500000005
2 0.501765625 0.380515625 0.053468750000000044 0.11332812500000004
0 0.613 0.259203125 0.03376562500000002 0.04384375
1 0.369375 0.385390625 0.07156250000000001 0.31646875
2 0.256484375 0.342046875 0.07181249999999997 0.15440625
0 0.548359375 0.22628125 0.04021875000000001 0.041015625
1 0.440828125 0.40071874999999996 0.06376562499999991 0.29339062499999996
2 0.609984375 0.374734375 0.062124999999999986 0.15912499999999996
0 0.43729687500000003 0.274421875 0.03359375 0.04314062500000002
2 0.5515156250000001 0.332703125 0.04959375000000001 0.12914062499999995
0 0.3774375 0.24532812499999998 0.03295312499999996 0.04762500000000003