2 0.9525781249999999 0.655421875 0.09482812500000008 0.43623437500000006
1 0.9260468749999999 0.6588437500000001 0.14273437499999986 0.674390625
2 0.16203125000000002 0.413671875 0.15978125000000004 0.39103125
1 0.150828125 0.48931249999999993 0.21790624999999997 0.8211718749999999
1 0.7238749999999999 0.5571718749999999 0.20562499999999986 0.852765625
0 0.537890625 0.305203125 0.08448437500000008 0.11882812500000002
0 0.18689062499999998 0.131296875 0.09678125 0.13403125
0 0.35534374999999996 0.237796875 0.08157812499999997 0.12789062500000004
1 0.3424531249999999 0.53640625 0.16365625 0.7198593749999999
1 0.515703125 0.606046875 0.16198437499999993 0.7050625
2 0.531359375 0.53553125 0.13110937499999994 0.3305781249999999
2 0.349859375 0.438734375 0.12976562500000002 0.295890625
2 0.726765625 0.45296875 0.15398437499999992 0.34984374999999995
0 0.74803125 0.1531875 0.09259374999999999 0.09826562500000002