1 0.91565625 0.700140625 0.168671875 0.590734375
1 0.691453125 0.6016874999999999 0.1270625 0.4761875
2 0.450875 0.659484375 0.15840625 0.394859375
1 0.305625 0.6619843750000001 0.12251562499999999 0.547140625
0 0.69053125 0.38265625000000003 0.041671875000000004 0.04484375
0 0.31284375 0.424796875 0.059078125 0.070765625
2 0.9212031250000001 0.664859375 0.12646875 0.28803125
1 0.46792187500000004 0.645953125 0.195734375 0.708078125
2 0.3223125 0.583546875 0.096984375 0.22459375
2 0.5626249999999999 0.571484375 0.076578125 0.159375
2 0.6857968750000001 0.533796875 0.08479687500000001 0.1941875
0 0.45599999999999996 0.328953125 0.086390625 0.082109375
0 0.927375 0.438953125 0.077125 0.0706875