1 0.911796875 0.6349843749999999 0.176421875 0.73003125
1 0.7164843750000001 0.69628125 0.16504687499999998 0.607421875
0 0.74290625 0.4341875 0.08745312499999999 0.103484375
2 0.3929375 0.555046875 0.14021875 0.40090624999999996
0 0.9445 0.318609375 0.095078125 0.09746875
0 0.24362499999999998 0.10865625000000001 0.15878125 0.1385
0 0.43578124999999995 0.27425 0.085890625 0.13425
1 0.5518125 0.652640625 0.1548125 0.6757500000000001
2 0.720125 0.66459375 0.132125 0.3128125
1 0.21351562500000001 0.5228125 0.191875 0.954375
2 0.9200156249999999 0.5835781250000001 0.153078125 0.33468749999999997
2 0.555125 0.5729375 0.12584375 0.312453125
1 0.40387500000000004 0.6110625 0.15484375 0.777875
0 0.5755 0.383953125 0.083796875 0.130296875
2 0.21696875000000002 0.606515625 0.1796875 0.6270156250000001