1 0.9197656249999999 0.483578125 0.15484374999999986 0.6981249999999999
1 0.7686093749999999 0.516390625 0.12682812500000012 0.6119531250000001
1 0.6478906249999999 0.561734375 0.10484375000000004 0.6446093749999999
1 0.5078125 0.54375 0.134375 0.9125
1 0.33984375 0.60625 0.2046875 0.7875
0 0.919921875 0.19248437499999999 0.08312500000000007 0.09809374999999995
0 0.7824843749999999 0.25715625000000003 0.07228124999999999 0.10240625000000003
0 0.656296875 0.277390625 0.07020312499999992 0.08932812500000002
0 0.51415625 0.13571875 0.09109374999999993 0.0916875
0 0.33340625 0.27875 0.09990625 0.12774999999999997
2 0.92440625 0.392890625 0.13667187500000005 0.29353125
2 0.7729687500000001 0.423359375 0.10470312499999998 0.2428749999999999
2 0.648234375 0.5037812500000001 0.09523437500000007 0.28764062500000004
2 0.511234375 0.43728125 0.10584375000000001 0.35553124999999997
2 0.35821875 0.6256406250000001 0.17696874999999998 0.4688437500000001