1 0.08023437500000001 0.483578125 0.15484375 0.6981249999999999
1 0.23139062500000002 0.516390625 0.126828125 0.6119531250000001
1 0.352109375 0.561734375 0.10484374999999994 0.6446093749999999
1 0.490625 0.54375 0.134375 0.9125
1 0.65859375 0.60625 0.2046875 0.7875
0 0.080078125 0.19248437499999999 0.08312499999999998 0.09809374999999995
0 0.21751562500000002 0.25715625000000003 0.07228124999999999 0.10240625000000003
0 0.343703125 0.277390625 0.070203125 0.08932812500000002
0 0.48584375 0.13571875 0.09109374999999993 0.0916875
0 0.66659375 0.27875 0.09990625000000009 0.12774999999999997
2 0.07559375000000002 0.392890625 0.136671875 0.29353125
2 0.22703125000000002 0.423359375 0.10470312499999998 0.2428749999999999
2 0.35176562499999997 0.5037812500000001 0.09523437499999998 0.28764062500000004
2 0.488765625 0.43728125 0.10584375000000001 0.35553124999999997
2 0.64178125 0.6256406250000001 0.17696874999999998 0.4688437500000001