2 0.80528125 0.2993796296296296 0.13357812500000013 0.2530833333333334
2 0.9380624999999999 0.25540740740740736 0.06763020833333329 0.16512037037037042
2 0.6486145833333334 0.2361111111111111 0.04935416666666678 0.14506481481481479
2 0.5314375000000001 0.29321296296296295 0.09270833333333334 0.20678703703703707
2 0.25456249999999997 0.18981481481481483 0.050984375000000054 0.10493518518518523
2 0.07924479166666672 0.057101851851851855 0.052677083333333326 0.07099074074074073
0 0.7944322916666666 0.08796296296296297 0.06675520833333337 0.07099074074074076
0 0.9502135416666667 0.10802777777777779 0.03638541666666673 0.05555555555555555
0 0.7475572916666666 0.1504537037037037 0.02681250000000001 0.035490740740740725
0 0.6421041666666667 0.125 0.043276041666666744 0.046296296296296294
0 0.5084375 0.23148148148148148 0.03802604166666666 0.030861111111111148
0 0.5213125 0.13078703703703703 0.045249999999999936 0.056648148148148156