2 0.9154947916666667 0.33641666666666664 0.13357812500000013 0.2530833333333334
2 0.7666406250000001 0.2839537037037037 0.04935416666666678 0.14506481481481479
2 0.645125 0.3287037037037037 0.09270833333333334 0.20678703703703707
2 0.37171875000000004 0.24537037037037038 0.050984375000000054 0.10493518518518523
2 0.2120208333333333 0.12037037037037036 0.052677083333333326 0.07099074074074076
0 0.9263437499999999 0.12191666666666666 0.06675520833333337 0.07099074074074076
0 0.8842604166666667 0.19753703703703704 0.03638541666666673 0.05555555555555555
0 0.7623125 0.1828611111111111 0.02681250000000001 0.035490740740740725
0 0.1946927083333333 0.06481481481481481 0.03189062500000001 0.049379629629629614
0 0.37651041666666674 0.17900925925925928 0.039729166666666656 0.033953703703703715
0 0.6199687500000001 0.18981481481481483 0.05628645833333342 0.046296296296296294