2 0.08450520833333333 0.33641666666666664 0.13357812500000002 0.2530833333333334
2 0.233359375 0.2839537037037037 0.049354166666666664 0.14506481481481479
2 0.354875 0.3287037037037037 0.09270833333333334 0.20678703703703707
2 0.62828125 0.24537037037037038 0.050984374999999936 0.10493518518518523
2 0.7879791666666667 0.12037037037037036 0.05267708333333327 0.07099074074074076
0 0.07365624999999999 0.12191666666666666 0.06675520833333334 0.07099074074074076
0 0.11573958333333331 0.19753703703703704 0.03638541666666668 0.05555555555555555
0 0.2376875 0.1828611111111111 0.02681250000000001 0.035490740740740725
0 0.8053072916666667 0.06481481481481481 0.03189062500000001 0.049379629629629614
0 0.6234895833333333 0.17900925925925928 0.039729166666666774 0.033953703703703715
0 0.38003125 0.18981481481481483 0.0562864583333333 0.046296296296296294