2 0.08450520833333333 0.33641666666666664 0.13357812500000002 0.2530833333333333
2 0.233359375 0.2839537037037037 0.04935416666666667 0.1450648148148148
2 0.354875 0.3287037037037037 0.09270833333333334 0.20678703703703705
2 0.62828125 0.24537037037037038 0.050984375 0.10493518518518519
2 0.7879791666666667 0.12037037037037036 0.05267708333333333 0.07099074074074074
0 0.07365624999999999 0.12191666666666666 0.06675520833333333 0.07099074074074074
0 0.11573958333333333 0.19753703703703704 0.03638541666666666 0.05555555555555555
0 0.2376875 0.1828611111111111 0.0268125 0.03549074074074074
0 0.8053072916666667 0.06481481481481481 0.031890625 0.04937962962962963
0 0.6234895833333333 0.17900925925925928 0.03972916666666667 0.03395370370370371
0 0.38003125 0.18981481481481483 0.05628645833333333 0.046296296296296294