2 0.807015625 0.2577129629629629 0.1335781249999999 0.2530833333333334
2 0.5869895833333333 0.5154351851851852 0.0614843750000001 0.1388888888888889
2 0.8708072916666667 0.15200925925925926 0.04246354166666677 0.06018518518518518
2 0.6638020833333333 0.2175925925925926 0.07972916666666663 0.14506481481481479
2 0.5188541666666667 0.3140462962962963 0.06754166666666658 0.1466018518518519
2 0.26237499999999997 0.19058333333333335 0.04404166666666664 0.12808333333333333
2 0.09313020833333331 0.047842592592592596 0.052677083333333326 0.07099074074074073
2 0.5019375 0.1736111111111111 0.014614583333333304 0.04784259259259261
2 0.5227552083333333 0.18518518518518517 0.018067708333333363 0.037037037037037035
0 0.5405520833333334 0.4976851851851852 0.0397708333333334 0.08178703703703696
0 0.7987708333333333 0.057101851851851855 0.06675520833333337 0.07099074074074073
0 0.8669010416666667 0.0941388888888889 0.03638541666666673 0.05555555555555555
0 0.7631770833333333 0.12113888888888891 0.02681250000000001 0.035490740740740725
0 0.6594583333333333 0.10802777777777779 0.043276041666666744 0.046296296296296294
0 0.2602447916666667 0.10189814814814814 0.025890625000000018 0.036944444444444446