2 0.19471875 0.2993796296296296 0.13357812500000002 0.2530833333333334
2 0.0619375 0.25540740740740736 0.06763020833333333 0.16512037037037042
2 0.3513854166666667 0.2361111111111111 0.049354166666666664 0.14506481481481479
2 0.4685625 0.29321296296296295 0.09270833333333334 0.20678703703703707
2 0.7454375 0.18981481481481483 0.050984374999999936 0.10493518518518523
2 0.9207552083333332 0.057101851851851855 0.05267708333333327 0.07099074074074073
0 0.20556770833333332 0.08796296296296297 0.06675520833333332 0.07099074074074076
0 0.04978645833333333 0.10802777777777779 0.03638541666666668 0.05555555555555555
0 0.2524427083333333 0.1504537037037037 0.02681250000000001 0.035490740740740725
0 0.3578958333333333 0.125 0.043276041666666626 0.046296296296296294
0 0.49156249999999996 0.23148148148148148 0.03802604166666666 0.030861111111111148
0 0.47868750000000004 0.13078703703703703 0.045249999999999936 0.056648148148148156