2 0.80528125 0.2993796296296296 0.13357812500000013 0.2530833333333334
2 0.591328125 0.2901296296296296 0.07883854166666661 0.18826851851851856
2 0.9068229166666666 0.25077777777777777 0.06763020833333329 0.16512037037037042
2 0.6486145833333334 0.2361111111111111 0.04935416666666678 0.14506481481481479
2 0.5040989583333333 0.3263888888888889 0.0675416666666667 0.1466018518518519
2 0.24328124999999995 0.18981481481481483 0.04404166666666664 0.10493518518518523
2 0.07924479166666672 0.057101851851851855 0.052677083333333326 0.07099074074074073
0 0.5665885416666666 0.1412037037037037 0.0397708333333334 0.08178703703703702
0 0.801375 0.08487962962962962 0.06675520833333337 0.07099074074074073
0 0.905953125 0.11420370370370371 0.03638541666666673 0.05555555555555555
0 0.7406145833333333 0.15662962962962962 0.02681250000000001 0.035490740740740725
0 0.6421041666666667 0.125 0.043276041666666744 0.046296296296296294
0 0.23894791666666665 0.11882407407407408 0.03189062500000001 0.049379629629629614
0 0.5084375 0.23148148148148148 0.03802604166666666 0.030861111111111148
1 0.6497708333333333 0.2868796296296296 0.04614583333333329 0.373462962962963
1 0.77071875 0.3977962962962963 0.1740364583333334 0.6739999999999998
1 0.9078020833333333 0.31867592592592586 0.08216666666666678 0.4555648148148148
1 0.5033020833333334 0.3657222222222222 0.05522916666666665 0.29039814814814824