0 0.15673437499999993 0.46428125 0.07267187499999998 0.07176562499999992
0 0.6855156250000001 0.38156249999999997 0.05182812499999993 0.05876562500000002
1 0.5091249999999999 0.62034375 0.157625 0.48775000000000013
2 0.5016093749999999 0.53771875 0.12146875000000001 0.13585937500000006
1 0.692359375 0.655484375 0.09529687500000002 0.5867812499999999
1 0.8824062500000001 0.659703125 0.10114062500000003 0.6737187499999999
0 0.8643281249999999 0.36375 0.0782343749999999 0.08793749999999996
0 0.5305156249999999 0.39996875 0.04496874999999996 0.05321875
0 0.474671875 0.40923437500000004 0.036125000000000004 0.04496874999999996
0 0.332609375 0.39739062500000005 0.04346874999999999 0.04807812499999997
0 0.28851562499999994 0.43109374999999994 0.05128124999999999 0.06635937500000004
1 0.14818750000000006 0.714578125 0.09979687500000001 0.5708437500000001