2 0.73690625 0.7844218749999999 0.25035937500000005 0.2717031249999998
2 0.28700000000000003 0.297609375 0.24021875 0.29614062500000005
1 0.24506249999999996 0.755875 0.39159375 0.48540625000000015
0 0.769234375 0.046265625 0.16382812500000005 0.07846875
1 0.7598125 0.255578125 0.30071875000000003 0.48362499999999997
0 0.2609375 0.5544374999999999 0.148515625 0.07765625000000007
1 0.250375 0.262859375 0.35924999999999996 0.487390625
1 0.70371875 0.7537499999999999 0.40929687500000006 0.47782812499999994
0 0.724109375 0.563359375 0.14926562499999996 0.08518749999999997
0 0.21001562499999998 0.05728124999999999 0.19445312499999998 0.07809374999999999
2 0.24126562499999998 0.795015625 0.2835 0.3060625
2 0.764171875 0.283484375 0.22364062499999998 0.2622031250000001