2 0.26309375 0.7844218749999999 0.25035937500000005 0.2717031249999998
2 0.7130000000000001 0.297609375 0.24021875 0.29614062500000005
1 0.7549374999999999 0.755875 0.3915937500000002 0.48540625000000015
0 0.230765625 0.046265625 0.16382812500000005 0.07846875
1 0.24018750000000005 0.255578125 0.30071875000000003 0.48362499999999997
0 0.7390625 0.5544374999999999 0.14851562499999993 0.07765625000000007
1 0.749625 0.262859375 0.3592500000000001 0.487390625
1 0.29628125 0.7537499999999999 0.40929687500000006 0.47782812499999994
0 0.275890625 0.563359375 0.14926562499999996 0.08518749999999997
0 0.7899843750000001 0.05728124999999999 0.19445312500000006 0.07809374999999999
2 0.7587343750000001 0.795015625 0.2835000000000001 0.3060625
2 0.235828125 0.283484375 0.22364062499999998 0.2622031250000001