2 0.73690625 0.7844218749999999 0.250359375 0.271703125
2 0.28700000000000003 0.297609375 0.24021875 0.296140625
1 0.24506250000000002 0.755875 0.39159375 0.48540625000000004
0 0.769234375 0.046265625 0.163828125 0.07846875
1 0.7598125 0.255578125 0.30071875000000003 0.48362499999999997
0 0.2609375 0.5544374999999999 0.14851562499999998 0.07765625000000001
1 0.250375 0.262859375 0.35924999999999996 0.487390625
1 0.70371875 0.7537499999999999 0.409296875 0.477828125
0 0.724109375 0.563359375 0.149265625 0.0851875
0 0.21001562499999998 0.05728124999999999 0.194453125 0.07809374999999999
2 0.24126562499999998 0.795015625 0.2835 0.3060625
2 0.764171875 0.283484375 0.22364062499999998 0.262203125