1 0.44375 0.309375 0.0625 0.0875
0 0.44375 0.309375 0.0625 0.090625
0 0.409375 0.30625 0.009375 0.015625
0 0.5 0.3 0.015625 0.015625
0 0.6 0.3375 0.021875 0.028125
0 0.55625 0.3625 0.021875 0.034375
0 0.634375 0.3 0.0125 0.01875
0 0.646875 0.315625 0.015625 0.015625
1 0.628125 0.384375 0.05 0.075
1 0.753125 0.434375 0.121875 0.30625
1 0.85625 0.38125 0.053125 0.090625
1 0.5375 0.446875 0.165625 0.196875
1 0.340625 0.409375 0.10625 0.1875
1 0.165625 0.521875 0.20625 0.38125
1 0.38125 0.775 0.19375 0.309375
0 0.35625 0.525 0.084375 0.103125
0 0.240625 0.26875 0.090625 0.10625
0 0.346875 0.246875 0.05625 0.0875
0 0.125 0.29375 0.021875 0.028125
0 0.146875 0.296875 0.01875 0.021875
0 0.109375 0.29375 0.015625 0.01875
0 0.04375 0.315625 0.03125 0.025
0 0.853125 0.303125 0.03125 0.0375
0 0.903125 0.303125 0.028125 0.025
0 0.953125 0.3125 0.025 0.028125
0 0.971875 0.3125 0.01875 0.03125
1 0.896875 0.5125 0.06875 0.09375
1 0.903125 0.375 0.034375 0.078125
1 0.96875 0.38125 0.04375 0.084375