1 0.3625 0.425 0.075 0.2125
1 0.421875 0.3875 0.046875 0.159375
1 0.471875 0.4625 0.096875 0.253125
1 0.61875 0.540625 0.1125 0.275
1 0.753125 0.50625 0.103125 0.253125
1 0.8875 0.478125 0.11875 0.2375
1 0.684375 0.434375 0.0625 0.190625
0 0.475 0.25 0.078125 0.08125
0 0.628125 0.30625 0.090625 0.08125
0 0.6875 0.271875 0.059375 0.065625
0 0.759375 0.30625 0.0875 0.1
0 0.88125 0.275 0.071875 0.08125
0 0.353125 0.246875 0.06875 0.0625
0 0.29375 0.2375 0.046875 0.053125
0 0.10625 0.25625 0.090625 0.06875