0 0.284375 0.38125 0.0375 0.046875
0 0.35625 0.390625 0.0375 0.05
0 0.390625 0.378125 0.034375 0.059375
0 0.453125 0.359375 0.046875 0.065625
0 0.41875 0.290625 0.025 0.040625
0 0.45 0.29375 0.021875 0.025
0 0.503125 0.30625 0.021875 0.03125
0 0.521875 0.309375 0.021875 0.028125
0 0.5375 0.334375 0.03125 0.040625
0 0.571875 0.334375 0.0375 0.046875
0 0.621875 0.284375 0.025 0.03125
0 0.65625 0.25625 0.015625 0.021875
0 0.659375 0.284375 0.015625 0.021875
0 0.7125 0.278125 0.01875 0.025
0 0.684375 0.24375 0.009375 0.01875
0 0.7625 0.275 0.0125 0.01875
0 0.784375 0.28125 0.015625 0.021875
0 0.775 0.25 0.009375 0.015625
0 0.803125 0.246875 0.009375 0.015625
0 0.8125 0.24375 0.0125 0.01875
1 0.290625 0.534375 0.065625 0.1875
1 0.3625 0.540625 0.05625 0.19375
1 0.403125 0.48125 0.05 0.14375
1 0.58125 0.446875 0.046875 0.14375
1 0.534375 0.45 0.046875 0.134375
1 0.7125 0.35625 0.03125 0.096875
1 0.659375 0.3625 0.034375 0.1
1 0.759375 0.334375 0.025 0.06875
1 0.78125 0.353125 0.028125 0.090625
1 0.740625 0.296875 0.01875 0.053125