1 0.10625 0.653125 0.209375 0.278125
0 0.23125 0.4875 0.109375 0.153125
0 0.078125 0.3125 0.071875 0.1125
0 0.04375 0.23125 0.05 0.109375
0 0.1625 0.121875 0.040625 0.065625
0 0.23125 0.153125 0.04375 0.08125
0 0.3 0.103125 0.040625 0.0625
0 0.34375 0.234375 0.065625 0.084375
0 0.525 0.30625 0.08125 0.1
0 0.509375 0.18125 0.05 0.075
0 0.390625 0.15 0.0375 0.0625
0 0.48125 0.103125 0.034375 0.05625
0 0.4125 0.075 0.028125 0.046875
0 0.50625 0.040625 0.025 0.040625
0 0.584375 0.078125 0.03125 0.04375
0 0.66875 0.04375 0.028125 0.05
0 0.634375 0.103125 0.0375 0.065625
0 0.740625 0.121875 0.0375 0.071875
0 0.784375 0.08125 0.03125 0.046875
0 0.846875 0.19375 0.046875 0.078125
0 0.7 0.240625 0.059375 0.096875
0 0.890625 0.14375 0.040625 0.059375
0 0.921875 0.54375 0.109375 0.2
0 0.540625 0.88125 0.19375 0.2375
1 0.796875 0.7625 0.2625 0.428125
1 0.44375 0.459375 0.140625 0.24375
1 0.284375 0.35625 0.1125 0.19375
1 0.184375 0.2375 0.084375 0.125
1 0.04375 0.44375 0.084375 0.215625
1 0.6375 0.36875 0.10625 0.203125
1 0.784375 0.259375 0.096875 0.1625
1 0.465625 0.275 0.08125 0.159375
1 0.590625 0.18125 0.08125 0.13125