0 0.390625 0.6375 0.075 0.103125
0 0.434375 0.571875 0.034375 0.053125
0 0.509375 0.590625 0.025 0.040625
0 0.559375 0.61875 0.071875 0.096875
0 0.328125 0.6125 0.04375 0.053125
0 0.28125 0.6 0.040625 0.05
0 0.253125 0.621875 0.04375 0.059375
0 0.10625 0.725 0.134375 0.1625
0 0.103125 0.63125 0.103125 0.090625
0 0.159375 0.615625 0.0625 0.075
0 0.09375 0.49375 0.034375 0.040625
0 0.725 0.659375 0.075 0.10625
0 0.65 0.6 0.0375 0.05
0 0.84375 0.58125 0.059375 0.06875
0 0.884375 0.58125 0.0375 0.059375
0 0.70625 0.565625 0.034375 0.046875
0 0.775 0.5625 0.0375 0.04375
0 0.60625 0.553125 0.021875 0.034375