0 0.246875 0.596875 0.0625 0.084375
0 0.378125 0.54375 0.05625 0.059375
0 0.4375 0.55625 0.040625 0.0625
0 0.49375 0.5125 0.034375 0.0375
0 0.565625 0.5 0.040625 0.04375
0 0.634375 0.509375 0.046875 0.0625
0 0.71875 0.571875 0.053125 0.0625
0 0.821875 0.590625 0.0625 0.06875
0 0.89375 0.34375 0.071875 0.059375
0 0.784375 0.346875 0.059375 0.053125
0 0.7375 0.35 0.04375 0.0375
0 0.684375 0.38125 0.04375 0.05
0 0.6375 0.3625 0.040625 0.046875
0 0.58125 0.353125 0.0375 0.046875
0 0.55 0.3375 0.028125 0.03125
0 0.44375 0.35625 0.03125 0.05
0 0.415625 0.3375 0.028125 0.040625
0 0.38125 0.34375 0.034375 0.05
0 0.340625 0.3375 0.04375 0.05
0 0.471875 0.35625 0.025 0.034375
0 0.30625 0.309375 0.040625 0.046875
0 0.25625 0.353125 0.05625 0.065625
0 0.115625 0.3625 0.1 0.08125
0 0.175 0.371875 0.046875 0.065625
1 0.240625 0.76875 0.1 0.175
1 0.365625 0.7125 0.10625 0.203125
1 0.34375 0.4625 0.08125 0.103125
1 0.440625 0.459375 0.05 0.103125
1 0.778125 0.5125 0.1 0.228125
1 0.58125 0.4625 0.053125 0.11875
1 0.565625 0.609375 0.059375 0.1125
1 0.634375 0.615625 0.059375 0.125
1 0.88125 0.521875 0.090625 0.190625