0 0.346875 0.125 0.04375 0.021875
0 0.40625 0.128125 0.05 0.01875
0 0.26875 0.134375 0.04375 0.021875
1 0.23125 0.16875 0.103125 0.053125
1 0.340625 0.165625 0.075 0.05625
1 0.434375 0.165625 0.096875 0.05625
1 0.746875 0.090625 0.059375 0.021875
0 0.909375 0.121875 0.15 0.059375
0 0.746875 0.090625 0.05625 0.01875
1 0.746875 0.153125 0.1 0.06875
0 0.834375 0.3 0.075 0.025
1 0.834375 0.35 0.103125 0.046875
1 0.715625 0.3375 0.125 0.06875
1 0.590625 0.3375 0.1125 0.071875
0 0.5875 0.28125 0.090625 0.034375
0 0.725 0.271875 0.084375 0.025
0 0.253125 0.278125 0.084375 0.025
1 0.265625 0.35625 0.128125 0.084375
0 0.828125 0.453125 0.065625 0.021875
0 0.734375 0.45 0.065625 0.021875
0 0.653125 0.45625 0.1 0.028125
1 0.634375 0.528125 0.121875 0.0875
1 0.746875 0.521875 0.11875 0.09375
1 0.83125 0.515625 0.109375 0.090625
1 0.31875 0.559375 0.240625 0.075
0 0.31875 0.475 0.14375 0.04375
1 0.625 0.728125 0.153125 0.0875
1 0.721875 0.7125 0.075 0.059375
1 0.8125 0.70625 0.0875 0.05625
1 0.93125 0.7125 0.084375 0.05625
0 0.63125 0.653125 0.075 0.021875
0 0.721875 0.6625 0.05625 0.021875
0 0.80625 0.665625 0.046875 0.015625
0 0.93125 0.66875 0.053125 0.015625
1 0.334375 0.7125 0.084375 0.06875
1 0.265625 0.721875 0.1125 0.090625
1 0.18125 0.725 0.134375 0.025
0 0.184375 0.68125 0.08125 0.028125
1 0.375 0.884375 0.1625 0.11875
0 0.278125 0.896875 0.0875 0.046875
0 0.58125 0.88125 0.04375 0.015625
0 0.64375 0.884375 0.040625 0.0125
0 0.721875 0.89375 0.046875 0.015625
0 0.778125 0.884375 0.046875 0.015625
0 0.875 0.853125 0.10625 0.0375