1 0.328125 0.840625 0.140625 0.3125
1 0.1 0.76875 0.11875 0.25625
1 0.23125 0.728125 0.096875 0.21875
1 0.41875 0.7875 0.10625 0.25
1 0.509375 0.71875 0.096875 0.240625
1 0.609375 0.609375 0.096875 0.240625
1 0.671875 0.55625 0.075 0.221875
0 0.68125 0.7375 0.16875 0.1375
0 0.7625 0.6125 0.096875 0.128125
0 0.49375 0.521875 0.059375 0.078125
0 0.39375 0.55 0.090625 0.084375
0 0.303125 0.5625 0.08125 0.1
0 0.215625 0.55 0.0625 0.065625
0 0.090625 0.615625 0.0875 0.11875
0 0.028125 0.565625 0.05625 0.0875
0 0.034375 0.490625 0.040625 0.040625
0 0.10625 0.496875 0.040625 0.040625
0 0.1625 0.509375 0.046875 0.0625
0 0.215625 0.484375 0.040625 0.040625
0 0.60625 0.39375 0.078125 0.084375
0 0.828125 0.5125 0.08125 0.09375
0 0.68125 0.378125 0.06875 0.075
0 0.4125 0.396875 0.05625 0.05