0 0.05625 0.1 0.1 0.134375
0 0.203125 0.1 0.1 0.13125
0 0.35 0.103125 0.103125 0.134375
0 0.646875 0.1 0.1 0.121875
0 0.496875 0.096875 0.103125 0.11875
0 0.79375 0.096875 0.103125 0.121875
0 0.940625 0.096875 0.10625 0.11875
0 0.946875 0.321875 0.10625 0.13125
0 0.94375 0.540625 0.10625 0.125
0 0.940625 0.75625 0.109375 0.11875
0 0.940625 0.95625 0.09375 0.0875
0 0.79375 0.95625 0.0875 0.0875
0 0.64375 0.95625 0.0875 0.0875
0 0.5 0.95625 0.0875 0.0875
0 0.353125 0.959375 0.0875 0.08125
0 0.20625 0.959375 0.08125 0.08125
0 0.059375 0.959375 0.084375 0.08125
0 0.053125 0.75625 0.10625 0.115625
0 0.0625 0.540625 0.10625 0.128125
0 0.065625 0.321875 0.103125 0.134375
0 0.2125 0.321875 0.10625 0.134375
0 0.359375 0.321875 0.10625 0.134375
0 0.50625 0.321875 0.10625 0.13125
0 0.653125 0.321875 0.10625 0.1375
0 0.8 0.321875 0.109375 0.134375
0 0.8 0.5375 0.10625 0.128125
0 0.790625 0.753125 0.109375 0.11875
0 0.646875 0.75625 0.10625 0.115625
0 0.5 0.75625 0.103125 0.115625
0 0.353125 0.75625 0.1 0.11875
0 0.203125 0.75625 0.1 0.11875
0 0.2125 0.540625 0.103125 0.13125
0 0.35625 0.540625 0.109375 0.128125
0 0.503125 0.534375 0.109375 0.11875
0 0.65 0.540625 0.109375 0.128125