0 0.11875 0.4 0.0875 0.075
0 0.190625 0.34375 0.08125 0.065625
0 0.309375 0.325 0.0625 0.053125
0 0.2875 0.384375 0.071875 0.05
0 0.390625 0.325 0.06875 0.05
0 0.425 0.4625 0.071875 0.046875
0 0.48125 0.328125 0.065625 0.046875
0 0.546875 0.421875 0.071875 0.05625
0 0.540625 0.59375 0.071875 0.05625
0 0.571875 0.346875 0.0625 0.05625
0 0.646875 0.36875 0.06875 0.05625
0 0.70625 0.3125 0.0625 0.05625
0 0.765625 0.384375 0.08125 0.059375
0 0.9 0.346875 0.084375 0.065625
1 0.1125 0.590625 0.16875 0.240625
1 0.209375 0.528125 0.1375 0.21875
1 0.29375 0.55625 0.115625 0.21875
1 0.39375 0.49375 0.1 0.19375
1 0.309375 0.45 0.0875 0.140625
1 0.425 0.634375 0.121875 0.196875
1 0.53125 0.74375 0.14375 0.184375
1 0.5625 0.58125 0.125 0.18125
1 0.4875 0.490625 0.109375 0.190625
1 0.66875 0.51875 0.13125 0.196875
1 0.771875 0.55 0.128125 0.221875
1 0.896875 0.540625 0.159375 0.234375
1 0.70625 0.4125 0.084375 0.103125