0 0.871875 0.065625 0.209375 0.10625
0 0.61875 0.06875 0.209375 0.10625
0 0.36875 0.06875 0.20625 0.103125
0 0.121875 0.06875 0.20625 0.10625
0 0.11875 0.23125 0.209375 0.103125
0 0.36875 0.23125 0.209375 0.109375
0 0.61875 0.23125 0.209375 0.109375
0 0.86875 0.23125 0.2125 0.1125
0 0.121875 0.396875 0.2125 0.109375
0 0.36875 0.396875 0.209375 0.1125
0 0.61875 0.396875 0.209375 0.109375
0 0.871875 0.396875 0.209375 0.109375
0 0.121875 0.559375 0.2125 0.10625
0 0.36875 0.559375 0.209375 0.109375
0 0.621875 0.559375 0.2125 0.109375
0 0.871875 0.5625 0.209375 0.109375
0 0.121875 0.725 0.209375 0.109375
0 0.371875 0.725 0.209375 0.10625
0 0.621875 0.725 0.2125 0.109375
0 0.86875 0.725 0.209375 0.10625
0 0.121875 0.890625 0.209375 0.109375
0 0.371875 0.890625 0.209375 0.10625
0 0.621875 0.890625 0.2125 0.109375
0 0.86875 0.890625 0.2125 0.109375