0 0.078125 0.6125 0.13125 0.078125
0 0.171875 0.628125 0.0875 0.040625
0 0.35625 0.63125 0.071875 0.040625
0 0.46875 0.653125 0.071875 0.034375
0 0.50625 0.63125 0.065625 0.025
0 0.70625 0.571875 0.125 0.065625
0 0.625 0.65 0.059375 0.025
0 0.80625 0.61875 0.08125 0.034375
0 0.91875 0.6375 0.10625 0.046875
1 0.08125 0.79375 0.1625 0.2375
1 0.175 0.7375 0.1375 0.1375
1 0.353125 0.728125 0.109375 0.11875
1 0.4625 0.753125 0.128125 0.128125
1 0.53125 0.73125 0.0625 0.103125
1 0.70625 0.78125 0.3125 0.271875
1 0.915625 0.75625 0.121875 0.153125