0 0.1375 0.090625 0.178125 0.140625
0 0.3625 0.090625 0.175 0.14375
0 0.596875 0.090625 0.178125 0.1375
0 0.8375 0.090625 0.178125 0.140625
0 0.8375 0.253125 0.178125 0.1375
0 0.8375 0.896875 0.175 0.134375
0 0.834375 0.7375 0.178125 0.1375
0 0.8375 0.415625 0.178125 0.134375
0 0.8375 0.578125 0.178125 0.1375
0 0.6 0.896875 0.175 0.134375
0 0.3625 0.896875 0.175 0.1375
0 0.1375 0.896875 0.178125 0.13125
0 0.1375 0.734375 0.178125 0.134375
0 0.1375 0.575 0.175 0.134375
0 0.1375 0.415625 0.18125 0.134375
0 0.1375 0.253125 0.175 0.1375
0 0.3625 0.253125 0.175 0.134375
0 0.596875 0.253125 0.175 0.1375
0 0.596875 0.4125 0.18125 0.140625
0 0.6 0.578125 0.178125 0.1375
0 0.596875 0.734375 0.178125 0.1375
0 0.3625 0.734375 0.178125 0.13125
0 0.3625 0.575 0.178125 0.134375
0 0.3625 0.415625 0.178125 0.1375