0 0.13125 0.1 0.20625 0.14375
0 0.35625 0.1 0.20625 0.146875
0 0.6 0.096875 0.209375 0.14375
0 0.840625 0.096875 0.20625 0.140625
0 0.846875 0.2625 0.20625 0.15
0 0.846875 0.428125 0.209375 0.15
0 0.846875 0.59375 0.209375 0.153125
0 0.85 0.759375 0.209375 0.153125
0 0.85 0.921875 0.20625 0.146875
0 0.609375 0.925 0.20625 0.146875
0 0.371875 0.921875 0.203125 0.146875
0 0.1375 0.925 0.20625 0.15
0 0.134375 0.259375 0.209375 0.15
0 0.1375 0.428125 0.215625 0.15
0 0.1375 0.590625 0.203125 0.15
0 0.1375 0.75625 0.2125 0.153125
0 0.36875 0.2625 0.2125 0.153125
0 0.603125 0.2625 0.20625 0.153125
0 0.365625 0.428125 0.209375 0.15
0 0.365625 0.590625 0.209375 0.15
0 0.36875 0.75625 0.2125 0.153125
0 0.603125 0.428125 0.209375 0.153125
0 0.60625 0.59375 0.20625 0.153125
0 0.60625 0.75625 0.209375 0.153125