0 0.10625 0.496875 0.071875 0.06875
0 0.18125 0.425 0.0875 0.08125
0 0.31875 0.31875 0.090625 0.103125
0 0.509375 0.278125 0.1 0.1125
0 0.69375 0.34375 0.090625 0.134375
0 0.775 0.425 0.075 0.078125
0 0.83125 0.4375 0.065625 0.059375
0 0.903125 0.521875 0.078125 0.09375
1 0.103125 0.7375 0.115625 0.278125
1 0.18125 0.6875 0.153125 0.315625
1 0.325 0.6375 0.175 0.365625
1 0.509375 0.6 0.19375 0.390625
1 0.7 0.625 0.16875 0.340625
1 0.796875 0.7 0.06875 0.2875
1 0.840625 0.703125 0.090625 0.30625
1 0.90625 0.75 0.103125 0.315625