0 0.121875 0.196875 0.084375 0.09375
0 0.215625 0.190625 0.071875 0.078125
0 0.8875 0.1875 0.08125 0.084375
0 0.775 0.171875 0.0625 0.090625
0 0.478125 0.146875 0.046875 0.05
0 0.28125 0.15625 0.053125 0.0625
0 0.359375 0.196875 0.059375 0.09375
0 0.39375 0.11875 0.05 0.06875
0 0.4375 0.1875 0.065625 0.078125
0 0.528125 0.2 0.053125 0.06875
0 0.578125 0.1875 0.04375 0.078125
0 0.6125 0.225 0.059375 0.078125
0 0.70625 0.23125 0.05625 0.06875
1 0.1125 0.459375 0.171875 0.30625
1 0.23125 0.45 0.08125 0.2875
1 0.34375 0.409375 0.1125 0.30625
1 0.6375 0.43125 0.1125 0.28125
1 0.5375 0.409375 0.1375 0.25