0 0.103125 0.18125 0.071875 0.14375
0 0.184375 0.165625 0.0875 0.15625
0 0.278125 0.171875 0.071875 0.15625
0 0.375 0.184375 0.06875 0.134375
0 0.45625 0.16875 0.084375 0.153125
0 0.55625 0.178125 0.06875 0.14375
0 0.640625 0.175 0.08125 0.146875
0 0.734375 0.171875 0.078125 0.15625
0 0.821875 0.16875 0.084375 0.15625
0 0.925 0.184375 0.08125 0.140625
0 0.9125 0.340625 0.0875 0.15
0 0.821875 0.340625 0.08125 0.153125
0 0.73125 0.3375 0.08125 0.15
0 0.640625 0.340625 0.078125 0.153125
0 0.45625 0.340625 0.078125 0.146875
0 0.36875 0.34375 0.078125 0.140625
0 0.28125 0.346875 0.06875 0.15
0 0.184375 0.334375 0.084375 0.153125
0 0.096875 0.340625 0.0875 0.159375
0 0.096875 0.515625 0.075 0.14375
0 0.18125 0.5 0.08125 0.15625
0 0.278125 0.509375 0.075 0.15
0 0.371875 0.51875 0.071875 0.146875
0 0.459375 0.503125 0.08125 0.14375
0 0.55 0.509375 0.084375 0.165625
0 0.55 0.34375 0.084375 0.14375
0 0.640625 0.50625 0.08125 0.146875
0 0.734375 0.509375 0.084375 0.153125
0 0.821875 0.509375 0.084375 0.146875
0 0.91875 0.509375 0.084375 0.16875
0 0.91875 0.675 0.084375 0.153125
0 0.821875 0.68125 0.078125 0.1625
0 0.728125 0.671875 0.0875 0.153125
0 0.640625 0.671875 0.084375 0.153125
0 0.546875 0.671875 0.0875 0.1625
0 0.275 0.678125 0.078125 0.14375
0 0.36875 0.66875 0.08125 0.140625
0 0.45625 0.66875 0.08125 0.15
0 0.190625 0.671875 0.084375 0.159375
0 0.1875 0.8375 0.08125 0.1625
0 0.275 0.85 0.078125 0.165625
0 0.36875 0.85 0.084375 0.171875
0 0.459375 0.853125 0.071875 0.18125
0 0.546875 0.84375 0.08125 0.146875
0 0.64375 0.85625 0.08125 0.16875
0 0.734375 0.834375 0.0875 0.165625
0 0.821875 0.8375 0.075 0.15
0 0.921875 0.85 0.08125 0.16875