0 0.1 0.134375 0.1 0.075
0 0.025 0.178125 0.05 0.06875
0 0.253125 0.24375 0.1 0.071875
0 0.365625 0.29375 0.05625 0.059375
0 0.41875 0.378125 0.04375 0.04375
0 0.471875 0.353125 0.059375 0.059375
0 0.56875 0.3625 0.05625 0.059375
0 0.784375 0.159375 0.13125 0.08125
0 0.909375 0.2625 0.05625 0.053125
0 0.1875 0.328125 0.046875 0.04375
0 0.303125 0.3625 0.05625 0.034375
0 0.671875 0.33125 0.05625 0.0625
1 0.10625 0.4 0.175 0.30625
1 0.021875 0.409375 0.04375 0.275
1 0.253125 0.475 0.121875 0.2625
1 0.35 0.478125 0.10625 0.240625
1 0.465625 0.5 0.109375 0.18125
1 0.559375 0.5125 0.0875 0.184375
1 0.796875 0.4 0.228125 0.29375
1 0.9125 0.45625 0.128125 0.225
1 0.6625 0.48125 0.096875 0.2125