0 0.109375 0.08125 0.178125 0.128125
0 0.303125 0.078125 0.171875 0.121875
0 0.496875 0.071875 0.153125 0.1
0 0.690625 0.078125 0.16875 0.11875
0 0.884375 0.075 0.178125 0.121875
0 0.88125 0.228125 0.18125 0.11875
0 0.884375 0.934375 0.175 0.109375
0 0.884375 0.803125 0.175 0.109375
0 0.884375 0.378125 0.178125 0.115625
0 0.884375 0.51875 0.175 0.115625
0 0.884375 0.659375 0.178125 0.109375
0 0.690625 0.934375 0.175 0.10625
0 0.49375 0.928125 0.153125 0.096875
0 0.303125 0.934375 0.16875 0.109375
0 0.109375 0.934375 0.178125 0.1125
0 0.109375 0.23125 0.178125 0.121875
0 0.109375 0.378125 0.178125 0.125
0 0.109375 0.521875 0.178125 0.11875
0 0.109375 0.665625 0.178125 0.11875
0 0.109375 0.803125 0.178125 0.1125
0 0.303125 0.228125 0.16875 0.11875
0 0.496875 0.221875 0.153125 0.103125
0 0.69375 0.228125 0.171875 0.11875
0 0.303125 0.378125 0.165625 0.11875
0 0.3 0.51875 0.16875 0.115625
0 0.303125 0.6625 0.165625 0.1125
0 0.303125 0.8 0.16875 0.10625
0 0.496875 0.371875 0.15 0.103125
0 0.49375 0.79375 0.15 0.1
0 0.690625 0.8 0.16875 0.10625
0 0.69375 0.378125 0.171875 0.1125
0 0.690625 0.51875 0.171875 0.1125
0 0.49375 0.653125 0.146875 0.1
0 0.690625 0.6625 0.171875 0.1125
0 0.496875 0.5125 0.15 0.103125