0 0.03125 0.09375 0.0625 0.11875
0 0.03125 0.321875 0.059375 0.11875
0 0.134375 0.090625 0.0875 0.115625
0 0.140625 0.321875 0.0875 0.11875
0 0.259375 0.090625 0.09375 0.11875
0 0.978125 0.084375 0.040625 0.1
0 0.875 0.090625 0.090625 0.11875
0 0.759375 0.084375 0.090625 0.096875
0 0.38125 0.090625 0.09375 0.11875
0 0.503125 0.09375 0.0875 0.11875
0 0.63125 0.090625 0.090625 0.121875
0 0.03125 0.771875 0.0625 0.109375
0 0.03125 0.546875 0.0625 0.115625
0 0.140625 0.546875 0.0875 0.115625
0 0.140625 0.76875 0.090625 0.10625
0 0.978125 0.309375 0.04375 0.096875
0 0.978125 0.540625 0.04375 0.096875
0 0.975 0.771875 0.05 0.10625
0 0.2625 0.775 0.09375 0.1125
0 0.384375 0.778125 0.09375 0.115625
0 0.265625 0.546875 0.09375 0.11875
0 0.3875 0.55 0.090625 0.11875
0 0.878125 0.54375 0.090625 0.10625
0 0.75625 0.54375 0.09375 0.1125
0 0.509375 0.55 0.090625 0.11875
0 0.634375 0.546875 0.0875 0.11875
0 0.509375 0.775 0.09375 0.115625
0 0.634375 0.778125 0.090625 0.1125
0 0.75625 0.775 0.090625 0.1125
0 0.878125 0.775 0.09375 0.1125
0 0.88125 0.31875 0.090625 0.103125
0 0.759375 0.31875 0.0875 0.115625
0 0.2625 0.31875 0.09375 0.1125
0 0.3875 0.321875 0.090625 0.121875
0 0.509375 0.321875 0.09375 0.11875
0 0.634375 0.325 0.0875 0.128125