0 0.121875 0.078125 0.228125 0.11875
0 0.36875 0.075 0.228125 0.11875
0 0.621875 0.071875 0.228125 0.11875
0 0.871875 0.075 0.228125 0.11875
0 0.11875 0.221875 0.228125 0.11875
0 0.36875 0.221875 0.228125 0.115625
0 0.61875 0.221875 0.225 0.1125
0 0.871875 0.221875 0.228125 0.11875
0 0.11875 0.365625 0.228125 0.11875
0 0.621875 0.36875 0.23125 0.11875
0 0.371875 0.365625 0.228125 0.11875
0 0.86875 0.365625 0.228125 0.11875
0 0.11875 0.5125 0.228125 0.11875
0 0.371875 0.5125 0.228125 0.11875
0 0.621875 0.5125 0.228125 0.11875
0 0.871875 0.515625 0.225 0.11875
0 0.11875 0.94375 0.225 0.1125
0 0.365625 0.94375 0.23125 0.1125
0 0.615625 0.94375 0.23125 0.1125
0 0.865625 0.94375 0.23125 0.1125
0 0.61875 0.803125 0.228125 0.11875
0 0.61875 0.659375 0.228125 0.11875
0 0.871875 0.659375 0.228125 0.11875
0 0.871875 0.803125 0.228125 0.11875
0 0.11875 0.659375 0.228125 0.11875
0 0.371875 0.659375 0.228125 0.11875
0 0.36875 0.80625 0.228125 0.115625
0 0.11875 0.80625 0.228125 0.115625