0 0.046875 0.103125 0.090625 0.1625
0 0.228125 0.096875 0.15 0.165625
0 0.446875 0.1 0.15 0.1625
0 0.6625 0.1 0.146875 0.16875
0 0.878125 0.1 0.146875 0.16875
0 0.046875 0.35625 0.09375 0.165625
0 0.23125 0.359375 0.146875 0.165625
0 0.45 0.35625 0.146875 0.16875
0 0.6625 0.359375 0.146875 0.1625
0 0.878125 0.6125 0.15 0.1625
0 0.875 0.359375 0.146875 0.1625
0 0.6625 0.6125 0.146875 0.16875
0 0.046875 0.615625 0.09375 0.1625
0 0.234375 0.6125 0.140625 0.159375
0 0.446875 0.6125 0.146875 0.159375
0 0.046875 0.86875 0.09375 0.165625
0 0.234375 0.865625 0.146875 0.165625
0 0.45 0.86875 0.14375 0.165625
0 0.6625 0.86875 0.14375 0.165625
0 0.878125 0.865625 0.146875 0.165625