0 0.125 0.078125 0.2 0.11875
0 0.38125 0.075 0.215625 0.11875
0 0.634375 0.075 0.215625 0.11875
0 0.878125 0.075 0.221875 0.121875
0 0.13125 0.21875 0.21875 0.121875
0 0.38125 0.21875 0.225 0.11875
0 0.634375 0.21875 0.21875 0.121875
0 0.878125 0.21875 0.221875 0.121875
0 0.134375 0.365625 0.21875 0.121875
0 0.38125 0.365625 0.225 0.121875
0 0.63125 0.3625 0.225 0.121875
0 0.88125 0.365625 0.228125 0.121875
0 0.13125 0.509375 0.23125 0.121875
0 0.38125 0.509375 0.221875 0.121875
0 0.628125 0.509375 0.228125 0.121875
0 0.878125 0.509375 0.225 0.121875
0 0.13125 0.653125 0.225 0.11875
0 0.378125 0.653125 0.225 0.11875
0 0.628125 0.796875 0.23125 0.121875
0 0.628125 0.653125 0.228125 0.121875
0 0.878125 0.653125 0.228125 0.121875
0 0.878125 0.796875 0.228125 0.121875
0 0.38125 0.796875 0.228125 0.121875
0 0.128125 0.796875 0.23125 0.121875
0 0.13125 0.940625 0.228125 0.11875
0 0.378125 0.940625 0.228125 0.11875
0 0.628125 0.940625 0.228125 0.115625
0 0.875 0.940625 0.2375 0.11875