1 0.203125 0.603125 0.05625 0.096875
1 0.3875 0.571875 0.0375 0.0625
1 0.9 0.6 0.0625 0.10625
1 0.54375 0.5875 0.0625 0.11875
1 0.4375 0.559375 0.028125 0.046875
1 0.6125 0.559375 0.040625 0.078125
1 0.94375 0.55 0.028125 0.0625
1 0.975 0.54375 0.03125 0.078125
1 0.8 0.575 0.05 0.1
1 0.665625 0.55625 0.03125 0.071875
0 0.209375 0.528125 0.03125 0.03125
0 0.540625 0.4875 0.025 0.040625
0 0.8 0.5 0.025 0.028125
0 0.903125 0.5 0.040625 0.0375
0 0.346875 0.503125 0.01875 0.01875
0 0.115625 0.528125 0.015625 0.015625