0 0.21634615384615385 0.18870192307692307 0.08052884615384616 0.12620192307692307
0 0.46153846153846156 0.09975961538461539 0.06850961538461539 0.12259615384615384
0 0.2920673076923077 0.3269230769230769 0.08052884615384616 0.07211538461538461
0 0.4639423076923077 0.23076923076923078 0.07572115384615384 0.08052884615384616
2 0.11899038461538461 0.43509615384615385 0.10576923076923077 0.328125
2 0.2283653846153846 0.5300480769230769 0.13221153846153846 0.2980769230769231
2 0.4050480769230769 0.3545673076923077 0.07451923076923077 0.328125
1 0.4795673076923077 0.5853365384615384 0.13822115384615385 0.7896634615384616
1 0.43990384615384615 0.3545673076923077 0.13581730769230768 0.6334134615384616
1 0.24158653846153846 0.6430288461538461 0.18990384615384615 0.7055288461538461
1 0.13942307692307693 0.5396634615384616 0.12259615384615384 0.8209134615384616