0 0.7379807692307693 0.24519230769230768 0.027644230769230768 0.05048076923076923
0 0.6370192307692307 0.5168269230769231 0.027644230769230768 0.038461538461538464
2 0.6237980769230769 0.40384615384615385 0.040865384615384616 0.13581730769230768
2 0.7379807692307693 0.36177884615384615 0.04567307692307692 0.14543269230769232
2 0.640625 0.65625 0.054086538461538464 0.15264423076923078
2 0.859375 0.5600961538461539 0.056490384615384616 0.22235576923076922
2 0.8918269230769231 0.421875 0.03485576923076923 0.04567307692307692
1 0.625 0.36899038461538464 0.054086538461538464 0.24639423076923078
1 0.6466346153846154 0.7175480769230769 0.06850961538461539 0.43028846153846156
1 0.7403846153846154 0.4182692307692308 0.07091346153846154 0.41586538461538464
1 0.8461538461538461 0.6670673076923077 0.06971153846153846 0.6286057692307693