0 0.8209134615384616 0.1466346153846154 0.10216346153846154 0.09014423076923077
0 0.5685096153846154 0.1346153846153846 0.08774038461538461 0.09014423076923077
0 0.5096153846153846 0.25240384615384615 0.09975961538461539 0.09014423076923077
0 0.3629807692307692 0.21033653846153846 0.08653846153846154 0.09014423076923077
0 0.22956730769230768 0.15625 0.0985576923076923 0.09014423076923077
0 0.6742788461538461 0.2403846153846154 0.09615384615384616 0.09014423076923077
2 0.8305288461538461 0.5048076923076923 0.16826923076923078 0.4387019230769231
2 0.33413461538461536 0.5420673076923077 0.13581730769230768 0.36899038461538464
2 0.21875 0.49399038461538464 0.1622596153846154 0.375
1 0.8353365384615384 0.5432692307692307 0.1778846153846154 0.9074519230769231
1 0.6730769230769231 0.5084134615384616 0.11778846153846154 0.6213942307692307
1 0.5048076923076923 0.4831730769230769 0.1502403846153846 0.5408653846153846
1 0.5733173076923077 0.30288461538461536 0.11778846153846154 0.40865384615384615
1 0.33653846153846156 0.4891826923076923 0.16346153846153846 0.625
1 0.21153846153846154 0.43990384615384615 0.16826923076923078 0.6935096153846154