1 0.6634615384615384 0.6237980769230769 0.2980769230769231 0.5084134615384616
1 0.3125 0.625 0.34975961538461536 0.6225961538461539
1 0.13822115384615385 0.3581730769230769 0.27403846153846156 0.37740384615384615
1 0.44471153846153844 0.3473557692307692 0.20432692307692307 0.4050480769230769
1 0.7163461538461539 0.35096153846153844 0.17668269230769232 0.3137019230769231
1 0.8834134615384616 0.1971153846153846 0.17668269230769232 0.2776442307692308
1 0.6478365384615384 0.19831730769230768 0.17668269230769232 0.2644230769230769
1 0.48197115384615385 0.1875 0.13581730769230768 0.20793269230769232
1 0.2536057692307692 0.19471153846153846 0.15264423076923078 0.2668269230769231
1 0.15985576923076922 0.08774038461538461 0.10096153846153846 0.16947115384615385
1 0.3425480769230769 0.09254807692307693 0.12379807692307693 0.18028846153846154
1 0.5192307692307693 0.0985576923076923 0.1201923076923077 0.19110576923076922
1 0.7019230769230769 0.1141826923076923 0.15745192307692307 0.22235576923076922