0 0.19110576923076922 0.2512019230769231 0.038461538461538464 0.04567307692307692
0 0.24158653846153846 0.27403846153846156 0.036057692307692304 0.06370192307692307
0 0.47596153846153844 0.28125 0.037259615384615384 0.05889423076923077
2 0.16826923076923078 0.42908653846153844 0.06610576923076923 0.21153846153846154
2 0.25600961538461536 0.41947115384615385 0.10576923076923077 0.18870192307692307
2 0.421875 0.4375 0.03125 0.22115384615384615
2 0.4831730769230769 0.4411057692307692 0.08052884615384616 0.234375
1 0.16466346153846154 0.5240384615384616 0.055288461538461536 0.5901442307692307
1 0.25 0.5276442307692307 0.07692307692307693 0.5793269230769231
1 0.4266826923076923 0.546875 0.052884615384615384 0.4651442307692308
1 0.4963942307692308 0.5348557692307693 0.09975961538461539 0.5685096153846154