0 0.1346153846153846 0.4483173076923077 0.02403846153846154 0.02283653846153846
0 0.17427884615384615 0.3641826923076923 0.030048076923076924 0.027644230769230768
0 0.25 0.3473557692307692 0.039663461538461536 0.03485576923076923
0 0.3737980769230769 0.3798076923076923 0.03485576923076923 0.03245192307692308
0 0.4495192307692308 0.3269230769230769 0.039663461538461536 0.038461538461538464
0 0.5649038461538461 0.30408653846153844 0.04447115384615385 0.036057692307692304
0 0.7151442307692307 0.26322115384615385 0.03485576923076923 0.04567307692307692
2 0.17668269230769232 0.47596153846153844 0.054086538461538464 0.11658653846153846
2 0.24639423076923078 0.4567307692307692 0.051682692307692304 0.12860576923076922
2 0.36658653846153844 0.4879807692307692 0.036057692307692304 0.13341346153846154
2 0.4519230769230769 0.4483173076923077 0.07211538461538461 0.13701923076923078
2 0.5673076923076923 0.4362980769230769 0.057692307692307696 0.1310096153846154
2 0.7247596153846154 0.4074519230769231 0.07211538461538461 0.16466346153846154
2 0.7487980769230769 0.6538461538461539 0.04927884615384615 0.07932692307692307
1 0.11778846153846154 0.5588942307692307 0.037259615384615384 0.23677884615384615
1 0.17908653846153846 0.5204326923076923 0.042067307692307696 0.33774038461538464
1 0.2536057692307692 0.5144230769230769 0.056490384615384616 0.37259615384615385
1 0.36658653846153844 0.546875 0.04927884615384615 0.35216346153846156
1 0.4543269230769231 0.5108173076923077 0.07692307692307693 0.39903846153846156
1 0.5769230769230769 0.49759615384615385 0.08052884615384616 0.4206730769230769
1 0.7307692307692307 0.47716346153846156 0.10096153846153846 0.47836538461538464