0 0.15865384615384615 0.3798076923076923 0.0625 0.04927884615384615
0 0.23557692307692307 0.4423076923076923 0.05048076923076923 0.03245192307692308
0 0.31490384615384615 0.453125 0.040865384615384616 0.03245192307692308
0 0.3329326923076923 0.43990384615384615 0.03365384615384615 0.039663461538461536
0 0.4098557692307692 0.4543269230769231 0.03365384615384615 0.02403846153846154
0 0.48677884615384615 0.43149038461538464 0.028846153846153848 0.02283653846153846
0 0.5829326923076923 0.42788461538461536 0.038461538461538464 0.03125
0 0.6466346153846154 0.45072115384615385 0.03245192307692308 0.03125
0 0.7415865384615384 0.4375 0.04567307692307692 0.03365384615384615
0 0.8389423076923077 0.4423076923076923 0.046875 0.03485576923076923
1 0.14903846153846154 0.6478365384615384 0.08774038461538461 0.5733173076923077
1 0.23197115384615385 0.6358173076923077 0.08173076923076923 0.421875
1 0.3125 0.6225961538461539 0.07451923076923077 0.3629807692307692
1 0.34615384615384615 0.5841346153846154 0.05048076923076923 0.33774038461538464
1 0.4014423076923077 0.5877403846153846 0.06971153846153846 0.2980769230769231
1 0.4855769230769231 0.578125 0.07451923076923077 0.32572115384615385
1 0.578125 0.5877403846153846 0.07091346153846154 0.35216346153846156
1 0.6550480769230769 0.6129807692307693 0.06850961538461539 0.3485576923076923
1 0.7355769230769231 0.6177884615384616 0.08173076923076923 0.3942307692307692
1 0.8509615384615384 0.6514423076923077 0.109375 0.4411057692307692