0 0.29086538461538464 0.19951923076923078 0.05889423076923077 0.057692307692307696
0 0.4098557692307692 0.234375 0.05048076923076923 0.06009615384615385
0 0.42908653846153844 0.33533653846153844 0.04807692307692308 0.06129807692307692
0 0.5024038461538461 0.2536057692307692 0.06129807692307692 0.042067307692307696
0 0.7487980769230769 0.2764423076923077 0.042067307692307696 0.039663461538461536
0 0.9146634615384616 0.31850961538461536 0.0673076923076923 0.051682692307692304
0 0.9807692307692307 0.24639423076923078 0.037259615384615384 0.052884615384615384
2 0.35336538461538464 0.3245192307692308 0.10697115384615384 0.1141826923076923
2 0.43028846153846156 0.49278846153846156 0.08774038461538461 0.15985576923076922
2 0.5048076923076923 0.40625 0.08653846153846154 0.14182692307692307
2 0.7716346153846154 0.4423076923076923 0.09375 0.1502403846153846
2 0.9723557692307693 0.42427884615384615 0.04807692307692308 0.14182692307692307
1 0.3317307692307692 0.3076923076923077 0.1310096153846154 0.27163461538461536
1 0.4206730769230769 0.5877403846153846 0.08774038461538461 0.5673076923076923
1 0.5132211538461539 0.40384615384615385 0.10336538461538461 0.34615384615384615
1 0.7644230769230769 0.39903846153846156 0.09495192307692307 0.30528846153846156
1 0.9254807692307693 0.5949519230769231 0.12379807692307693 0.6009615384615384
1 0.9807692307692307 0.38341346153846156 0.036057692307692304 0.3557692307692308
1 0.40384615384615385 0.265625 0.0625 0.125