0 0.15144230769230768 0.24519230769230768 0.02283653846153846 0.027644230769230768
0 0.20793269230769232 0.21634615384615385 0.028846153846153848 0.030048076923076924
0 0.3293269230769231 0.28966346153846156 0.03125 0.020432692307692308
0 0.6189903846153846 0.4050480769230769 0.04807692307692308 0.04807692307692308
0 0.8533653846153846 0.203125 0.03485576923076923 0.042067307692307696
0 0.9050480769230769 0.21153846153846154 0.02403846153846154 0.039663461538461536
1 0.11298076923076923 0.27163461538461536 0.03245192307692308 0.17307692307692307
1 0.15745192307692307 0.390625 0.04807692307692308 0.30528846153846156
1 0.18870192307692307 0.27283653846153844 0.03485576923076923 0.14783653846153846
1 0.3137019230769231 0.3894230769230769 0.08052884615384616 0.23798076923076922
1 0.6081730769230769 0.6346153846153846 0.078125 0.46153846153846156
1 0.8533653846153846 0.3641826923076923 0.05048076923076923 0.3629807692307692
1 0.9086538461538461 0.24879807692307693 0.039663461538461536 0.10336538461538461