0 0.15985576923076922 0.27884615384615385 0.10336538461538461 0.09975961538461539
0 0.2536057692307692 0.30408653846153844 0.06850961538461539 0.07211538461538461
0 0.42788461538461536 0.3269230769230769 0.0673076923076923 0.07692307692307693
0 0.5612980769230769 0.3581730769230769 0.0829326923076923 0.09615384615384616
0 0.8161057692307693 0.2512019230769231 0.11658653846153846 0.12980769230769232
1 0.1658653846153846 0.6117788461538461 0.17067307692307693 0.7463942307692307
1 0.2668269230769231 0.6310096153846154 0.11899038461538461 0.7295673076923077
1 0.4326923076923077 0.6478365384615384 0.1346153846153846 0.703125
1 0.5901442307692307 0.6550480769230769 0.17548076923076922 0.6875
1 0.8161057692307693 0.59375 0.15144230769230768 0.8100961538461539
1 0.9747596153846154 0.7824519230769231 0.04927884615384615 0.4326923076923077
1 0.33774038461538464 0.47596153846153844 0.021634615384615384 0.08052884615384616