0 0.3245192307692308 0.6382211538461539 0.020432692307692308 0.019230769230769232
0 0.4855769230769231 0.6274038461538461 0.018028846153846152 0.026442307692307692
0 0.6646634615384616 0.6466346153846154 0.028846153846153848 0.026442307692307692
0 0.7307692307692307 0.5228365384615384 0.028846153846153848 0.03125
2 0.3137019230769231 0.6887019230769231 0.025240384615384616 0.055288461538461536
2 0.47475961538461536 0.6658653846153846 0.028846153846153848 0.055288461538461536
2 0.6887019230769231 0.6875 0.03485576923076923 0.04807692307692308
2 0.7439903846153846 0.5853365384615384 0.038461538461538464 0.06610576923076923
1 0.31971153846153844 0.671875 0.06370192307692307 0.1045673076923077
1 0.4795673076923077 0.6634615384615384 0.039663461538461536 0.09735576923076923
1 0.6802884615384616 0.6802884615384616 0.051682692307692304 0.078125
1 0.7439903846153846 0.6225961538461539 0.07211538461538461 0.24519230769230768