0 0.8028846153846154 0.28966346153846156 0.08533653846153846 0.055288461538461536
0 0.5805288461538461 0.27524038461538464 0.06129807692307692 0.052884615384615384
0 0.4579326923076923 0.3016826923076923 0.06129807692307692 0.052884615384615384
0 0.3713942307692308 0.3004807692307692 0.06129807692307692 0.052884615384615384
0 0.22716346153846154 0.27163461538461536 0.08653846153846154 0.052884615384615384
2 0.20552884615384615 0.5108173076923077 0.14182692307692307 0.27524038461538464
2 0.3485576923076923 0.49399038461538464 0.11298076923076923 0.21995192307692307
2 0.46875 0.4807692307692308 0.11298076923076923 0.21995192307692307
2 0.6033653846153846 0.4675480769230769 0.11298076923076923 0.21995192307692307
2 0.8004807692307693 0.5072115384615384 0.11778846153846154 0.2620192307692308
1 0.1935096153846154 0.6045673076923077 0.15625 0.7463942307692307
1 0.35216346153846156 0.5925480769230769 0.1045673076923077 0.6418269230769231
1 0.47716346153846156 0.5841346153846154 0.12860576923076922 0.6490384615384616
1 0.6141826923076923 0.5757211538461539 0.15504807692307693 0.6622596153846154
1 0.8028846153846154 0.6237980769230769 0.18870192307692307 0.7487980769230769