0 0.8545673076923077 0.31971153846153844 0.08052884615384616 0.06009615384615385
0 0.7199519230769231 0.33653846153846156 0.08052884615384616 0.06009615384615385
0 0.5444711538461539 0.32211538461538464 0.055288461538461536 0.04326923076923077
0 0.6382211538461539 0.2932692307692308 0.037259615384615384 0.03365384615384615
0 0.4206730769230769 0.30649038461538464 0.0625 0.046875
0 0.3485576923076923 0.3137019230769231 0.052884615384615384 0.039663461538461536
0 0.21514423076923078 0.30649038461538464 0.08052884615384616 0.046875
0 0.03245192307692308 0.3449519230769231 0.06009615384615385 0.056490384615384616
0 0.08774038461538461 0.33052884615384615 0.04447115384615385 0.03365384615384615
0 0.051682692307692304 0.3016826923076923 0.037259615384615384 0.04326923076923077
0 0.18990384615384615 0.3112980769230769 0.04447115384615385 0.037259615384615384
1 0.8617788461538461 0.5829326923076923 0.14783653846153846 0.6334134615384616
1 0.7043269230769231 0.6418269230769231 0.14783653846153846 0.6298076923076923
1 0.5456730769230769 0.5084134615384616 0.10697115384615384 0.43028846153846156
1 0.4254807692307692 0.46274038461538464 0.08052884615384616 0.3401442307692308
1 0.34375 0.4879807692307692 0.0673076923076923 0.3894230769230769
1 0.23317307692307693 0.5336538461538461 0.14783653846153846 0.5
1 0.06850961538461539 0.6177884615384616 0.13221153846153846 0.6298076923076923