0 0.12379807692307693 0.37740384615384615 0.10817307692307693 0.11177884615384616
0 0.22235576923076922 0.33052884615384615 0.0733173076923077 0.0889423076923077
0 0.36778846153846156 0.3713942307692308 0.0733173076923077 0.09134615384615384
0 0.5300480769230769 0.37259615384615385 0.0889423076923077 0.09975961538461539
0 0.6274038461538461 0.3485576923076923 0.09615384615384616 0.08413461538461539
0 0.7211538461538461 0.4026442307692308 0.0829326923076923 0.08173076923076923
0 0.7980769230769231 0.33413461538461536 0.11177884615384616 0.11177884615384616
1 0.12379807692307693 0.6586538461538461 0.12259615384615384 0.6814903846153846
1 0.22115384615384615 0.6430288461538461 0.12259615384615384 0.7127403846153846
1 0.3545673076923077 0.5600961538461539 0.1502403846153846 0.4879807692307692
1 0.5108173076923077 0.5552884615384616 0.13341346153846154 0.4651442307692308
1 0.6358173076923077 0.5588942307692307 0.11298076923076923 0.4855769230769231
1 0.7283653846153846 0.5709134615384616 0.08173076923076923 0.4050480769230769
1 0.8317307692307693 0.6394230769230769 0.15384615384615385 0.7163461538461539
2 0.3425480769230769 0.6298076923076923 0.13581730769230768 0.3112980769230769
2 0.5192307692307693 0.6286057692307693 0.11298076923076923 0.31971153846153844
2 0.6346153846153846 0.6237980769230769 0.10576923076923077 0.33052884615384615
2 0.8269230769230769 0.6706730769230769 0.15504807692307693 0.41947115384615385