0 0.15384615384615385 0.08413461538461539 0.11658653846153846 0.1502403846153846
0 0.6117788461538461 0.07932692307692307 0.11778846153846154 0.15144230769230768
0 0.8461538461538461 0.3137019230769231 0.14543269230769232 0.15745192307692307
2 0.1658653846153846 0.5216346153846154 0.19951923076923078 0.4795673076923077
2 0.6213942307692307 0.546875 0.23677884615384615 0.5745192307692307
2 0.39663461538461536 0.8245192307692307 0.21995192307692307 0.3485576923076923
2 0.8725961538461539 0.7764423076923077 0.2536057692307692 0.44471153846153844
1 0.1502403846153846 0.5036057692307693 0.2536057692307692 0.9891826923076923
1 0.39903846153846156 0.6742788461538461 0.24639423076923078 0.6478365384615384
1 0.6213942307692307 0.5 0.3004807692307692 0.9963942307692307
1 0.8653846153846154 0.6177884615384616 0.26802884615384615 0.7608173076923077