0 0.8978365384615384 0.125 0.0829326923076923 0.08052884615384616
0 0.6971153846153846 0.23798076923076922 0.06850961538461539 0.055288461538461536
0 0.5012019230769231 0.26802884615384615 0.06490384615384616 0.05048076923076923
0 0.296875 0.26802884615384615 0.0733173076923077 0.055288461538461536
0 0.038461538461538464 0.2512019230769231 0.0733173076923077 0.07211538461538461
2 0.06850961538461539 0.45072115384615385 0.13341346153846154 0.24759615384615385
2 0.3076923076923077 0.4495192307692308 0.11899038461538461 0.23557692307692307
2 0.5096153846153846 0.4495192307692308 0.11899038461538461 0.23557692307692307
2 0.7055288461538461 0.44711538461538464 0.11899038461538461 0.23557692307692307
2 0.921875 0.3425480769230769 0.15144230769230768 0.2848557692307692
1 0.9146634615384616 0.47475961538461536 0.16105769230769232 0.8245192307692307
1 0.6995192307692307 0.5336538461538461 0.11538461538461539 0.6478365384615384
1 0.515625 0.5396634615384616 0.13701923076923078 0.5949519230769231
1 0.3004807692307692 0.5396634615384616 0.14903846153846154 0.5997596153846154
1 0.06610576923076923 0.5324519230769231 0.12980769230769232 0.6598557692307693