0 0.0673076923076923 0.5372596153846154 0.04807692307692308 0.04447115384615385
0 0.1778846153846154 0.5564903846153846 0.046875 0.03365384615384615
0 0.3245192307692308 0.5829326923076923 0.046875 0.06610576923076923
0 0.3605769230769231 0.5300480769230769 0.040865384615384616 0.0625
1 0.07091346153846154 0.6418269230769231 0.11057692307692307 0.24879807692307693
1 0.18990384615384615 0.6502403846153846 0.1201923076923077 0.21514423076923078
1 0.3870192307692308 0.765625 0.171875 0.41947115384615385
1 0.39903846153846156 0.5625 0.11177884615384616 0.125
1 0.8389423076923077 0.25961538461538464 0.1141826923076923 0.171875
2 0.06490384615384616 0.6730769230769231 0.10817307692307693 0.18269230769230768
2 0.1875 0.6694711538461539 0.11658653846153846 0.1778846153846154
2 0.3954326923076923 0.6947115384615384 0.11057692307692307 0.203125
2 0.421875 0.6165865384615384 0.08774038461538461 0.16947115384615385