0 0.33653846153846156 0.09495192307692307 0.07091346153846154 0.08413461538461539
0 0.6045673076923077 0.3016826923076923 0.04807692307692308 0.046875
0 0.7908653846153846 0.24158653846153846 0.04567307692307692 0.054086538461538464
0 0.4795673076923077 0.9326923076923077 0.025240384615384616 0.03365384615384615
0 0.6382211538461539 0.9206730769230769 0.039663461538461536 0.03125
0 0.07692307692307693 0.06971153846153846 0.03485576923076923 0.03365384615384615
1 0.05889423076923077 0.20192307692307693 0.09134615384615384 0.32211538461538464
1 0.19951923076923078 0.16826923076923078 0.07932692307692307 0.3329326923076923
1 0.21754807692307693 0.2439903846153846 0.09975961538461539 0.13701923076923078
1 0.3076923076923077 0.31490384615384615 0.13942307692307693 0.5396634615384616
1 0.6129807692307693 0.37740384615384615 0.09375 0.2127403846153846
1 0.7788461538461539 0.3425480769230769 0.08413461538461539 0.2512019230769231
2 0.7824519230769231 0.359375 0.056490384615384616 0.11538461538461539