0 0.7259615384615384 0.23317307692307693 0.07211538461538461 0.0733173076923077
0 0.6418269230769231 0.1875 0.05889423076923077 0.08774038461538461
0 0.18509615384615385 0.23076923076923078 0.04927884615384615 0.0673076923076923
0 0.21394230769230768 0.203125 0.026442307692307692 0.03485576923076923
0 0.07692307692307693 0.23677884615384615 0.019230769230769232 0.02403846153846154
0 0.4483173076923077 0.21514423076923078 0.05889423076923077 0.0673076923076923
0 0.5901442307692307 0.21754807692307693 0.039663461538461536 0.046875
0 0.5240384615384616 0.171875 0.054086538461538464 0.05889423076923077
0 0.27283653846153844 0.2127403846153846 0.06129807692307692 0.08774038461538461
0 0.39302884615384615 0.2091346153846154 0.04807692307692308 0.078125
0 0.3425480769230769 0.2283653846153846 0.04326923076923077 0.06850961538461539
0 0.12259615384615384 0.2283653846153846 0.019230769230769232 0.025240384615384616
0 0.1466346153846154 0.22115384615384615 0.019230769230769232 0.02403846153846154
0 0.014423076923076924 0.25 0.02403846153846154 0.021634615384615384
0 0.05048076923076923 0.2439903846153846 0.014423076923076924 0.021634615384615384
1 0.7307692307692307 0.5913461538461539 0.109375 0.7668269230769231
1 0.6454326923076923 0.5348557692307693 0.10576923076923077 0.7596153846153846
1 0.5396634615384616 0.47836538461538464 0.09014423076923077 0.6682692307692307
1 0.44711538461538464 0.5504807692307693 0.10336538461538461 0.7403846153846154
1 0.26322115384615385 0.5625 0.10817307692307693 0.7620192307692307
1 0.18389423076923078 0.5096153846153846 0.06610576923076923 0.6213942307692307
1 0.38221153846153844 0.4879807692307692 0.0829326923076923 0.609375
1 0.5913461538461539 0.23798076923076922 0.039663461538461536 0.08413461538461539
1 0.0829326923076923 0.35216346153846156 0.042067307692307696 0.24278846153846154
1 0.020432692307692308 0.3425480769230769 0.038461538461538464 0.21153846153846154
1 0.046875 0.32211538461538464 0.025240384615384616 0.1778846153846154
1 0.12860576923076922 0.32211538461538464 0.03485576923076923 0.1875
1 0.33533653846153844 0.2608173076923077 0.051682692307692304 0.140625