0 0.16706730769230768 0.28966346153846156 0.13221153846153846 0.15985576923076922
0 0.7560096153846154 0.5384615384615384 0.1502403846153846 0.15985576923076922
0 0.7295673076923077 0.23317307692307693 0.11177884615384616 0.140625
0 0.47836538461538464 0.2692307692307692 0.09735576923076923 0.1201923076923077
0 0.27403846153846156 0.1814903846153846 0.12379807692307693 0.14903846153846154
2 0.13822115384615385 0.5564903846153846 0.19110576923076922 0.3449519230769231
2 0.30408653846153844 0.46153846153846156 0.17427884615384615 0.28846153846153844
2 0.515625 0.5685096153846154 0.14423076923076922 0.3942307692307692
2 0.8329326923076923 0.8521634615384616 0.24278846153846154 0.28125
2 0.6935096153846154 0.5216346153846154 0.18389423076923078 0.34975961538461536
1 0.140625 0.47115384615384615 0.19591346153846154 0.5276442307692307
1 0.32211538461538464 0.5120192307692307 0.21634615384615385 0.8173076923076923
1 0.4963942307692308 0.5877403846153846 0.1466346153846154 0.7475961538461539
1 0.6814903846153846 0.5336538461538461 0.21634615384615385 0.7391826923076923
1 0.8125 0.7223557692307693 0.27283653846153844 0.5372596153846154