0 0.8701923076923077 0.19230769230769232 0.07211538461538461 0.09375
0 0.5540865384615384 0.234375 0.07451923076923077 0.078125
0 0.37259615384615385 0.20552884615384615 0.08774038461538461 0.08052884615384616
0 0.30408653846153844 0.2800480769230769 0.07211538461538461 0.06850961538461539
0 0.07451923076923077 0.2932692307692308 0.07572115384615384 0.078125
0 0.7728365384615384 0.2247596153846154 0.06971153846153846 0.05889423076923077
0 0.9603365384615384 0.3473557692307692 0.038461538461538464 0.03125
1 0.9651442307692307 0.546875 0.057692307692307696 0.43509615384615385
1 0.8930288461538461 0.5588942307692307 0.14182692307692307 0.8449519230769231
0 0.7475961538461539 0.31850961538461536 0.027644230769230768 0.046875
0 0.1466346153846154 0.4723557692307692 0.020432692307692308 0.025240384615384616
1 0.7800480769230769 0.5817307692307693 0.11658653846153846 0.7668269230769231
1 0.5649038461538461 0.5817307692307693 0.14783653846153846 0.8233173076923077
1 0.359375 0.5733173076923077 0.10576923076923077 0.8353365384615384
1 0.2848557692307692 0.6153846153846154 0.1045673076923077 0.7271634615384616
1 0.14182692307692307 0.5432692307692307 0.036057692307692304 0.18629807692307693
1 0.06971153846153846 0.6213942307692307 0.11778846153846154 0.7451923076923077