0 0.21394230769230768 0.34975961538461536 0.06129807692307692 0.057692307692307696
0 0.2668269230769231 0.375 0.03485576923076923 0.04326923076923077
0 0.5108173076923077 0.32572115384615385 0.042067307692307696 0.03485576923076923
0 0.5877403846153846 0.3629807692307692 0.046875 0.04326923076923077
0 0.6694711538461539 0.38221153846153844 0.04927884615384615 0.046875
0 0.9831730769230769 0.3125 0.028846153846153848 0.0673076923076923
1 0.21033653846153846 0.6430288461538461 0.10336538461538461 0.6466346153846154
1 0.2764423076923077 0.6045673076923077 0.06610576923076923 0.5024038461538461
1 0.3954326923076923 0.609375 0.09735576923076923 0.5048076923076923
1 0.5192307692307693 0.5961538461538461 0.109375 0.5685096153846154
1 0.6081730769230769 0.5769230769230769 0.08533653846153846 0.4675480769230769
1 0.6766826923076923 0.6165865384615384 0.08052884615384616 0.5324519230769231
1 0.8245192307692307 0.6478365384615384 0.08774038461538461 0.6634615384615384
1 0.9555288461538461 0.6322115384615384 0.08774038461538461 0.7175480769230769