0 0.40625 0.8509615384615384 0.01201923076923077 0.014423076923076924
0 0.4254807692307692 0.8485576923076923 0.016826923076923076 0.013221153846153846
1 0.4050480769230769 0.8894230769230769 0.02283653846153846 0.08774038461538461
1 0.43028846153846156 0.8846153846153846 0.026442307692307692 0.09134615384615384
0 0.6430288461538461 0.8557692307692307 0.02283653846153846 0.02283653846153846
0 0.734375 0.9086538461538461 0.016826923076923076 0.020432692307692308
0 0.7980769230769231 0.8677884615384616 0.020432692307692308 0.018028846153846152
0 0.8365384615384616 0.8858173076923077 0.025240384615384616 0.026442307692307692
2 0.796875 0.921875 0.03245192307692308 0.06009615384615385
2 0.9819711538461539 0.9302884615384616 0.03365384615384615 0.05889423076923077
1 0.6394230769230769 0.921875 0.03485576923076923 0.14182692307692307
1 0.7115384615384616 0.9471153846153846 0.0673076923076923 0.09735576923076923
1 0.7920673076923077 0.9206730769230769 0.04326923076923077 0.1346153846153846
1 0.84375 0.9387019230769231 0.057692307692307696 0.1201923076923077
1 0.9795673076923077 0.9242788461538461 0.038461538461538464 0.10336538461538461