0 0.23197115384615385 0.36778846153846156 0.028846153846153848 0.02283653846153846
0 0.26802884615384615 0.4074519230769231 0.027644230769230768 0.016826923076923076
0 0.4495192307692308 0.3786057692307692 0.025240384615384616 0.02403846153846154
0 0.5276442307692307 0.3954326923076923 0.025240384615384616 0.021634615384615384
0 0.5841346153846154 0.3870192307692308 0.019230769230769232 0.018028846153846152
0 0.7536057692307693 0.39783653846153844 0.037259615384615384 0.02283653846153846
2 0.29927884615384615 0.47716346153846156 0.057692307692307696 0.08533653846153846
2 0.23076923076923078 0.4098557692307692 0.04807692307692308 0.037259615384615384
2 0.4567307692307692 0.46634615384615385 0.040865384615384616 0.09975961538461539
2 0.48677884615384615 0.4519230769230769 0.018028846153846152 0.09134615384615384
2 0.5324519230769231 0.43990384615384615 0.042067307692307696 0.04807692307692308
2 0.5841346153846154 0.4326923076923077 0.042067307692307696 0.051682692307692304
2 0.7620192307692307 0.4567307692307692 0.03365384615384615 0.078125
1 0.22596153846153846 0.40384615384615385 0.052884615384615384 0.1346153846153846
1 0.2956730769230769 0.5372596153846154 0.07692307692307693 0.27403846153846156
1 0.45072115384615385 0.5144230769230769 0.036057692307692304 0.29086538461538464
1 0.4831730769230769 0.46033653846153844 0.027644230769230768 0.17548076923076922
1 0.5300480769230769 0.4723557692307692 0.04447115384615385 0.18629807692307693
1 0.5853365384615384 0.453125 0.04447115384615385 0.15384615384615385
1 0.7487980769230769 0.4963942307692308 0.052884615384615384 0.21514423076923078