0 0.20793269230769232 0.24278846153846154 0.06370192307692307 0.06610576923076923
0 0.2860576923076923 0.16105769230769232 0.06610576923076923 0.055288461538461536
0 0.4254807692307692 0.08653846153846154 0.06850961538461539 0.06971153846153846
0 0.4963942307692308 0.030048076923076924 0.07572115384615384 0.057692307692307696
0 0.6454326923076923 0.32572115384615385 0.04447115384615385 0.04326923076923077
0 0.7764423076923077 0.3004807692307692 0.04447115384615385 0.04807692307692308
0 0.8942307692307693 0.4675480769230769 0.018028846153846152 0.026442307692307692
0 0.7007211538461539 0.4387019230769231 0.02283653846153846 0.03485576923076923
2 0.20673076923076922 0.4266826923076923 0.0673076923076923 0.15625
2 0.30528846153846156 0.4026442307692308 0.10336538461538461 0.22596153846153846
2 0.41466346153846156 0.38822115384615385 0.055288461538461536 0.2764423076923077
2 0.5120192307692307 0.3473557692307692 0.09975961538461539 0.30528846153846156
2 0.6538461538461539 0.4723557692307692 0.0625 0.125
2 0.7103365384615384 0.5396634615384616 0.040865384615384616 0.1045673076923077
2 0.7848557692307693 0.45072115384615385 0.06971153846153846 0.16826923076923078
2 0.9002403846153846 0.5396634615384616 0.042067307692307696 0.0733173076923077
2 0.9735576923076923 0.5336538461538461 0.039663461538461536 0.06370192307692307
1 0.19831730769230768 0.5324519230769231 0.08653846153846154 0.6334134615384616
1 0.28966346153846156 0.5072115384615384 0.09615384615384616 0.7427884615384616
1 0.41466346153846156 0.3269230769230769 0.0673076923076923 0.5384615384615384
1 0.5180288461538461 0.4831730769230769 0.12379807692307693 0.9603365384615384
1 0.6454326923076923 0.5552884615384616 0.07572115384615384 0.4987980769230769
1 0.7067307692307693 0.578125 0.04447115384615385 0.31971153846153844
1 0.7932692307692307 0.5480769230769231 0.09975961538461539 0.5396634615384616
1 0.8942307692307693 0.5793269230769231 0.055288461538461536 0.24639423076923078
1 0.9747596153846154 0.5793269230769231 0.04927884615384615 0.24158653846153846