0 0.04447115384615385 0.6935096153846154 0.021634615384615384 0.02403846153846154
0 0.0733173076923077 0.6935096153846154 0.02283653846153846 0.02403846153846154
0 0.12259615384615384 0.7163461538461539 0.020432692307692308 0.014423076923076924
0 0.1502403846153846 0.6887019230769231 0.026442307692307692 0.02403846153846154
0 0.21875 0.7115384615384616 0.021634615384615384 0.019230769230769232
0 0.2824519230769231 0.7007211538461539 0.02283653846153846 0.015625
0 0.4050480769230769 0.6959134615384616 0.037259615384615384 0.03245192307692308
0 0.5865384615384616 0.6862980769230769 0.046875 0.040865384615384616
0 0.30288461538461536 0.5564903846153846 0.021634615384615384 0.02403846153846154
2 0.06370192307692307 0.7716346153846154 0.04807692307692308 0.0889423076923077
2 0.40865384615384615 0.7512019230769231 0.051682692307692304 0.06009615384615385
2 0.5877403846153846 0.7704326923076923 0.07211538461538461 0.08653846153846154
2 0.2283653846153846 0.7668269230769231 0.039663461538461536 0.05889423076923077
2 0.3125 0.6153846153846154 0.037259615384615384 0.07091346153846154
2 0.2932692307692308 0.7536057692307693 0.03485576923076923 0.056490384615384616
2 0.15865384615384615 0.7572115384615384 0.036057692307692304 0.057692307692307696
2 0.11778846153846154 0.7632211538461539 0.039663461538461536 0.05048076923076923
1 0.06009615384615385 0.8125 0.052884615384615384 0.24879807692307693
1 0.11658653846153846 0.7932692307692307 0.036057692307692304 0.16947115384615385
1 0.15384615384615385 0.7992788461538461 0.046875 0.24639423076923078
1 0.22716346153846154 0.8028846153846154 0.04807692307692308 0.20793269230769232
1 0.28966346153846156 0.796875 0.05048076923076923 0.22115384615384615
1 0.30649038461538464 0.6225961538461539 0.04927884615384615 0.15745192307692307
1 0.4050480769230769 0.8088942307692307 0.09615384615384616 0.31009615384615385
1 0.5865384615384616 0.8269230769230769 0.08413461538461539 0.3401442307692308