0 0.21754807692307693 0.140625 0.02403846153846154 0.03125
0 0.24519230769230768 0.17548076923076922 0.019230769230769232 0.028846153846153848
0 0.11057692307692307 0.22956730769230768 0.036057692307692304 0.03365384615384615
0 0.14543269230769232 0.4411057692307692 0.039663461538461536 0.042067307692307696
0 0.7115384615384616 0.4375 0.042067307692307696 0.04807692307692308
0 0.8966346153846154 0.5625 0.030048076923076924 0.055288461538461536
0 0.9735576923076923 0.4639423076923077 0.040865384615384616 0.051682692307692304
0 0.057692307692307696 0.7644230769230769 0.04326923076923077 0.055288461538461536
1 0.04447115384615385 0.8221153846153846 0.08653846153846154 0.16826923076923078
1 0.15985576923076922 0.5552884615384616 0.0829326923076923 0.2764423076923077
1 0.828125 0.6394230769230769 0.17427884615384615 0.20192307692307693
1 0.9543269230769231 0.5228365384615384 0.0829326923076923 0.1814903846153846
1 0.6899038461538461 0.5588942307692307 0.08774038461538461 0.28365384615384615
1 0.25600961538461536 0.2283653846153846 0.046875 0.12379807692307693
1 0.11778846153846154 0.31009615384615385 0.054086538461538464 0.18389423076923078
1 0.21634615384615385 0.1935096153846154 0.03245192307692308 0.14302884615384615