0 0.016826923076923076 0.3389423076923077 0.03245192307692308 0.036057692307692304
0 0.06129807692307692 0.3401442307692308 0.036057692307692304 0.02283653846153846
0 0.26322115384615385 0.3173076923076923 0.052884615384615384 0.04326923076923077
0 0.34975961538461536 0.4026442307692308 0.08173076923076923 0.09134615384615384
0 0.4483173076923077 0.33774038461538464 0.04326923076923077 0.05048076923076923
0 0.5997596153846154 0.3317307692307692 0.04326923076923077 0.05889423076923077
0 0.7548076923076923 0.35216346153846156 0.09014423076923077 0.0625
1 0.014423076923076924 0.5444711538461539 0.026442307692307692 0.45913461538461536
1 0.07692307692307693 0.5240384615384616 0.08173076923076923 0.39663461538461536
1 0.2548076923076923 0.5144230769230769 0.07091346153846154 0.4375
1 0.3425480769230769 0.6790865384615384 0.08774038461538461 0.6298076923076923
1 0.44471153846153844 0.5697115384615384 0.09735576923076923 0.5216346153846154
1 0.5889423076923077 0.59375 0.12139423076923077 0.5805288461538461
1 0.7512019230769231 0.6586538461538461 0.11298076923076923 0.6802884615384616