0 0.054086538461538464 0.6358173076923077 0.038461538461538464 0.021634615384615384
0 0.24519230769230768 0.5841346153846154 0.042067307692307696 0.03125
0 0.26802884615384615 0.625 0.03245192307692308 0.02403846153846154
0 0.6201923076923077 0.5733173076923077 0.03365384615384615 0.025240384615384616
0 0.7524038461538461 0.6574519230769231 0.039663461538461536 0.027644230769230768
0 0.8028846153846154 0.6682692307692307 0.03365384615384615 0.025240384615384616
1 0.037259615384615384 0.7487980769230769 0.0733173076923077 0.3004807692307692
1 0.11899038461538461 0.7920673076923077 0.055288461538461536 0.28365384615384615
1 0.21754807692307693 0.765625 0.09134615384615384 0.4362980769230769
1 0.26802884615384615 0.7944711538461539 0.06971153846153846 0.3581730769230769
1 0.6225961538461539 0.7740384615384616 0.1814903846153846 0.4483173076923077
1 0.7572115384615384 0.7692307692307693 0.07692307692307693 0.28125
1 0.8064903846153846 0.7824519230769231 0.046875 0.25841346153846156