0 0.013221153846153846 0.29447115384615385 0.02283653846153846 0.046875
0 0.056490384615384616 0.3317307692307692 0.04807692307692308 0.0625
0 0.24879807692307693 0.265625 0.056490384615384616 0.055288461538461536
0 0.5997596153846154 0.5360576923076923 0.054086538461538464 0.057692307692307696
0 0.6959134615384616 0.49278846153846156 0.056490384615384616 0.05048076923076923
0 0.9026442307692307 0.24278846153846154 0.03365384615384615 0.042067307692307696
0 0.11298076923076923 0.29086538461538464 0.04447115384615385 0.04807692307692308
0 0.15264423076923078 0.3173076923076923 0.028846153846153848 0.046875
2 0.04326923076923077 0.4987980769230769 0.0829326923076923 0.21033653846153846
2 0.22956730769230768 0.45552884615384615 0.09495192307692307 0.20793269230769232
2 0.33533653846153844 0.5 0.0829326923076923 0.203125
2 0.8954326923076923 0.41346153846153844 0.08052884615384616 0.16947115384615385
1 0.23317307692307693 0.5612980769230769 0.07572115384615384 0.6454326923076923
1 0.5456730769230769 0.6526442307692307 0.13942307692307693 0.3701923076923077
1 0.6622596153846154 0.6358173076923077 0.04807692307692308 0.21995192307692307
1 0.7487980769230769 0.6466346153846154 0.16826923076923078 0.3954326923076923
1 0.8894230769230769 0.49278846153846156 0.12259615384615384 0.578125
0 0.35096153846153844 0.3161057692307692 0.056490384615384616 0.07211538461538461
1 0.33533653846153844 0.5985576923076923 0.0829326923076923 0.6225961538461539
1 0.05048076923076923 0.5012019230769231 0.07211538461538461 0.37740384615384615
1 0.11057692307692307 0.38221153846153844 0.05048076923076923 0.21754807692307693
1 0.15625 0.3942307692307692 0.042067307692307696 0.20552884615384615