0 0.08774038461538461 0.4855769230769231 0.04927884615384615 0.038461538461538464
0 0.1875 0.5396634615384616 0.042067307692307696 0.039663461538461536
0 0.22956730769230768 0.4951923076923077 0.051682692307692304 0.052884615384615384
0 0.2980769230769231 0.5288461538461539 0.040865384615384616 0.03245192307692308
0 0.36177884615384615 0.47596153846153844 0.040865384615384616 0.03485576923076923
0 0.4375 0.5192307692307693 0.04927884615384615 0.03245192307692308
0 0.5048076923076923 0.4879807692307692 0.04927884615384615 0.03485576923076923
0 0.5769230769230769 0.5264423076923077 0.03485576923076923 0.03365384615384615
0 0.5552884615384616 0.5697115384615384 0.019230769230769232 0.036057692307692304
0 0.4807692307692308 0.5552884615384616 0.018028846153846152 0.02283653846153846
0 0.6514423076923077 0.4951923076923077 0.046875 0.036057692307692304
0 0.7139423076923077 0.5204326923076923 0.042067307692307696 0.036057692307692304
0 0.7788461538461539 0.5480769230769231 0.03245192307692308 0.03365384615384615
0 0.84375 0.47475961538461536 0.06009615384615385 0.042067307692307696
0 0.9375 0.4891826923076923 0.06009615384615385 0.042067307692307696
1 0.0829326923076923 0.7223557692307693 0.11538461538461539 0.53125
1 0.1814903846153846 0.5492788461538461 0.051682692307692304 0.0733173076923077
1 0.2283653846153846 0.7331730769230769 0.10096153846153846 0.5192307692307693
1 0.296875 0.6105769230769231 0.06009615384615385 0.23197115384615385
1 0.36778846153846156 0.7247596153846154 0.09735576923076923 0.5420673076923077
1 0.4338942307692308 0.6117788461538461 0.06009615384615385 0.19831730769230768
1 0.5108173076923077 0.7271634615384616 0.09134615384615384 0.5420673076923077
1 0.5745192307692307 0.5625 0.0733173076923077 0.1502403846153846
1 0.6514423076923077 0.7391826923076923 0.11057692307692307 0.5180288461538461
1 0.7223557692307693 0.7439903846153846 0.07572115384615384 0.4831730769230769
1 0.7896634615384616 0.75 0.06610576923076923 0.4338942307692308
1 0.8569711538461539 0.7247596153846154 0.11177884615384616 0.5384615384615384
1 0.9507211538461539 0.7271634615384616 0.09735576923076923 0.5420673076923077