0 0.7019230769230769 0.5480769230769231 0.039663461538461536 0.038461538461538464
0 0.6310096153846154 0.546875 0.03365384615384615 0.036057692307692304
0 0.5685096153846154 0.5853365384615384 0.03365384615384615 0.036057692307692304
0 0.4230769230769231 0.5444711538461539 0.038461538461538464 0.03245192307692308
0 0.3545673076923077 0.5504807692307693 0.039663461538461536 0.03245192307692308
0 0.2848557692307692 0.5360576923076923 0.042067307692307696 0.03245192307692308
1 0.7079326923076923 0.7463942307692307 0.07211538461538461 0.4230769230769231
1 0.6358173076923077 0.7367788461538461 0.06370192307692307 0.4411057692307692
1 0.5697115384615384 0.7572115384615384 0.06850961538461539 0.39663461538461536
1 0.49759615384615385 0.7487980769230769 0.07451923076923077 0.39903846153846156
1 0.4254807692307692 0.7331730769230769 0.06971153846153846 0.4266826923076923
1 0.3545673076923077 0.7331730769230769 0.06610576923076923 0.41466346153846156
1 0.2824519230769231 0.7223557692307693 0.08052884615384616 0.4170673076923077