0 0.2776442307692308 0.49759615384615385 0.03485576923076923 0.054086538461538464
0 0.421875 0.7307692307692307 0.028846153846153848 0.08533653846153846
0 0.5120192307692307 0.5168269230769231 0.026442307692307692 0.026442307692307692
0 0.6947115384615384 0.46274038461538464 0.055288461538461536 0.057692307692307696
2 0.21875 0.6021634615384616 0.07211538461538461 0.15625
2 0.5420673076923077 0.7163461538461539 0.08052884615384616 0.10336538461538461
2 0.5096153846153846 0.6177884615384616 0.052884615384615384 0.0829326923076923
2 0.7151442307692307 0.6358173076923077 0.056490384615384616 0.171875
1 0.26322115384615385 0.6646634615384616 0.14783653846153846 0.4206730769230769
1 0.4963942307692308 0.8209134615384616 0.16947115384615385 0.27524038461538464
1 0.515625 0.5685096153846154 0.0733173076923077 0.1658653846153846
1 0.6887019230769231 0.6730769230769231 0.08052884615384616 0.4675480769230769
0 0.038461538461538464 0.32211538461538464 0.025240384615384616 0.036057692307692304
1 0.03125 0.32572115384615385 0.056490384615384616 0.07572115384615384