0 0.12379807692307693 0.5120192307692307 0.038461538461538464 0.042067307692307696
0 0.19591346153846154 0.5709134615384616 0.038461538461538464 0.039663461538461536
0 0.2608173076923077 0.5564903846153846 0.038461538461538464 0.040865384615384616
0 0.3581730769230769 0.5072115384615384 0.037259615384615384 0.039663461538461536
0 0.4567307692307692 0.49158653846153844 0.037259615384615384 0.040865384615384616
0 0.5588942307692307 0.5 0.039663461538461536 0.04447115384615385
0 0.6370192307692307 0.36177884615384615 0.036057692307692304 0.038461538461538464
0 0.640625 0.47475961538461536 0.038461538461538464 0.04447115384615385
0 0.7247596153846154 0.5036057692307693 0.039663461538461536 0.039663461538461536
0 0.7896634615384616 0.5036057692307693 0.036057692307692304 0.037259615384615384
0 0.5600961538461539 0.11658653846153846 0.036057692307692304 0.039663461538461536
0 0.4735576923076923 0.12980769230769232 0.03365384615384615 0.036057692307692304
1 0.11057692307692307 0.7199519230769231 0.09615384615384616 0.4495192307692308
1 0.19230769230769232 0.7451923076923077 0.07572115384615384 0.3894230769230769
1 0.27403846153846156 0.7439903846153846 0.09735576923076923 0.41346153846153844
1 0.3557692307692308 0.7175480769230769 0.09495192307692307 0.4567307692307692
1 0.4519230769230769 0.7055288461538461 0.10817307692307693 0.47115384615384615
1 0.546875 0.7043269230769231 0.0829326923076923 0.4543269230769231
1 0.6346153846153846 0.6947115384615384 0.09615384615384616 0.4723557692307692
1 0.7211538461538461 0.7055288461538461 0.09014423076923077 0.44350961538461536
1 0.8052884615384616 0.703125 0.09735576923076923 0.43028846153846156
1 0.6394230769230769 0.41346153846153844 0.06370192307692307 0.1346153846153846
1 0.4651442307692308 0.30528846153846156 0.09375 0.38100961538461536
1 0.5540865384615384 0.30649038461538464 0.1045673076923077 0.42427884615384615
2 0.46875 0.25600961538461536 0.078125 0.140625
2 0.5564903846153846 0.24639423076923078 0.07692307692307693 0.16466346153846154
2 0.11658653846153846 0.640625 0.09014423076923077 0.16826923076923078
2 0.18870192307692307 0.7067307692307693 0.07091346153846154 0.16466346153846154
2 0.26322115384615385 0.6899038461538461 0.07932692307692307 0.16466346153846154
2 0.35697115384615385 0.6682692307692307 0.09134615384615384 0.20072115384615385
2 0.4519230769230769 0.6526442307692307 0.10576923076923077 0.21514423076923078
2 0.5492788461538461 0.6105769230769231 0.07451923076923077 0.15504807692307693
2 0.6334134615384616 0.6069711538461539 0.08653846153846154 0.1658653846153846
2 0.7223557692307693 0.6129807692307693 0.09254807692307693 0.14543269230769232
2 0.7992788461538461 0.65625 0.09134615384615384 0.2127403846153846
2 0.6322115384615384 0.4519230769230769 0.06610576923076923 0.078125