0 0.07692307692307693 0.4855769230769231 0.11057692307692307 0.12620192307692307
0 0.27283653846153844 0.16706730769230768 0.010817307692307692 0.01201923076923077
1 0.27884615384615385 0.18389423076923078 0.042067307692307696 0.046875
0 0.6129807692307693 0.6057692307692307 0.1658653846153846 0.1971153846153846
0 0.78125 0.6045673076923077 0.1502403846153846 0.15384615384615385
0 0.8942307692307693 0.4831730769230769 0.12740384615384615 0.12259615384615384
0 0.7139423076923077 0.4266826923076923 0.08533653846153846 0.09134615384615384
0 0.6526442307692307 0.4675480769230769 0.09375 0.11899038461538461
0 0.984375 0.14182692307692307 0.013221153846153846 0.010817307692307692
1 0.984375 0.17307692307692307 0.020432692307692308 0.07451923076923077
1 0.09495192307692307 0.6790865384615384 0.17548076923076922 0.6370192307692307
1 0.5949519230769231 0.7548076923076923 0.2824519230769231 0.4891826923076923
1 0.9074519230769231 0.7151442307692307 0.1502403846153846 0.5673076923076923
1 0.78125 0.7632211538461539 0.15384615384615385 0.46875
2 0.09134615384615384 0.6838942307692307 0.16706730769230768 0.30288461538461536
2 0.6201923076923077 0.8641826923076923 0.19951923076923078 0.2692307692307692
2 0.9002403846153846 0.7379807692307693 0.11057692307692307 0.30288461538461536
2 0.7920673076923077 0.8521634615384616 0.14783653846153846 0.29447115384615385