0 0.2283653846153846 0.4483173076923077 0.08533653846153846 0.08173076923076923
0 0.3894230769230769 0.43509615384615385 0.04807692307692308 0.04326923076923077
0 0.59375 0.38461538461538464 0.08052884615384616 0.07572115384615384
0 0.8557692307692307 0.25240384615384615 0.1201923076923077 0.09975961538461539
2 0.90625 0.5793269230769231 0.14903846153846154 0.3786057692307692
2 0.6201923076923077 0.6454326923076923 0.11778846153846154 0.3449519230769231
2 0.39903846153846156 0.5913461538461539 0.10817307692307693 0.18269230769230768
2 0.22235576923076922 0.6742788461538461 0.12980769230769232 0.25841346153846156
1 0.8966346153846154 0.5973557692307693 0.18990384615384615 0.7932692307692307
1 0.609375 0.6730769230769231 0.13942307692307693 0.6526442307692307
1 0.3942307692307692 0.6995192307692307 0.1310096153846154 0.59375
1 0.22355769230769232 0.7019230769230769 0.13341346153846154 0.5877403846153846