0 0.875 0.3088942307692308 0.08173076923076923 0.08052884615384616
0 0.6634615384615384 0.35096153846153844 0.054086538461538464 0.039663461538461536
0 0.4579326923076923 0.36899038461538464 0.04807692307692308 0.03485576923076923
0 0.4098557692307692 0.39783653846153844 0.036057692307692304 0.05889423076923077
0 0.18990384615384615 0.3701923076923077 0.056490384615384616 0.06370192307692307
0 0.7355769230769231 0.35697115384615385 0.042067307692307696 0.05889423076923077
1 0.8665865384615384 0.625 0.171875 0.7019230769230769
1 0.734375 0.515625 0.06370192307692307 0.3762019230769231
1 0.6622596153846154 0.546875 0.09254807692307693 0.4423076923076923
1 0.45552884615384615 0.5396634615384616 0.07572115384615384 0.4026442307692308
1 0.4026442307692308 0.5408653846153846 0.06610576923076923 0.35216346153846156
1 0.1935096153846154 0.5528846153846154 0.09254807692307693 0.43509615384615385
1 0.96875 0.5576923076923077 0.057692307692307696 0.3786057692307692