0 0.3161057692307692 0.29086538461538464 0.030048076923076924 0.030048076923076924
0 0.39903846153846156 0.2824519230769231 0.03125 0.027644230769230768
0 0.46634615384615385 0.29927884615384615 0.026442307692307692 0.027644230769230768
0 0.8365384615384616 0.24278846153846154 0.056490384615384616 0.05048076923076923
0 0.5372596153846154 0.31009615384615385 0.02283653846153846 0.018028846153846152
0 0.5865384615384616 0.3317307692307692 0.026442307692307692 0.03245192307692308
0 0.65625 0.3557692307692308 0.016826923076923076 0.020432692307692308
1 0.3112980769230769 0.49278846153846156 0.039663461538461536 0.4387019230769231
1 0.39663461538461536 0.4795673076923077 0.052884615384615384 0.41346153846153844
1 0.4639423076923077 0.4735576923076923 0.042067307692307696 0.3762019230769231
1 0.53125 0.4795673076923077 0.037259615384615384 0.36899038461538464
1 0.5829326923076923 0.4891826923076923 0.03485576923076923 0.34134615384615385
1 0.6442307692307693 0.4891826923076923 0.04807692307692308 0.3112980769230769
1 0.8293269230769231 0.5769230769230769 0.0985576923076923 0.7223557692307693