0 0.36538461538461536 0.2439903846153846 0.04567307692307692 0.05048076923076923
0 0.10576923076923077 0.38461538461538464 0.026442307692307692 0.026442307692307692
0 0.19951923076923078 0.38100961538461536 0.028846153846153848 0.040865384615384616
0 0.6502403846153846 0.35336538461538464 0.026442307692307692 0.05048076923076923
0 0.8257211538461539 0.5444711538461539 0.02403846153846154 0.03365384615384615
2 0.36177884615384615 0.3954326923076923 0.07692307692307693 0.17908653846153846
2 0.15745192307692307 0.453125 0.051682692307692304 0.09735576923076923
1 0.09975961538461539 0.5132211538461539 0.042067307692307696 0.2848557692307692
1 0.17548076923076922 0.5408653846153846 0.0673076923076923 0.375
1 0.2692307692307692 0.5456730769230769 0.07451923076923077 0.22956730769230768
1 0.36778846153846156 0.5 0.125 0.578125
1 0.6358173076923077 0.4411057692307692 0.051682692307692304 0.23317307692307693
1 0.8377403846153846 0.5360576923076923 0.08774038461538461 0.3088942307692308