0 0.35697115384615385 0.4014423076923077 0.038461538461538464 0.040865384615384616
0 0.30408653846153844 0.4723557692307692 0.03125 0.037259615384615384
0 0.49278846153846156 0.4110576923076923 0.040865384615384616 0.05048076923076923
0 0.38221153846153844 0.4651442307692308 0.02403846153846154 0.021634615384615384
0 0.4639423076923077 0.42908653846153844 0.020432692307692308 0.028846153846153848
0 0.5588942307692307 0.5048076923076923 0.02403846153846154 0.027644230769230768
0 0.6021634615384616 0.4723557692307692 0.03485576923076923 0.037259615384615384
0 0.6430288461538461 0.45552884615384615 0.03365384615384615 0.039663461538461536
0 0.7007211538461539 0.4026442307692308 0.039663461538461536 0.04807692307692308
1 0.3581730769230769 0.625 0.09014423076923077 0.49038461538461536
1 0.4951923076923077 0.6418269230769231 0.08774038461538461 0.4987980769230769
1 0.5552884615384616 0.6502403846153846 0.04567307692307692 0.31850961538461536
1 0.7055288461538461 0.6201923076923077 0.10096153846153846 0.4699519230769231
1 0.6262019230769231 0.640625 0.06971153846153846 0.40865384615384615
1 0.29447115384615385 0.6466346153846154 0.0625 0.38341346153846156
1 0.42427884615384615 0.6550480769230769 0.03485576923076923 0.3137019230769231
2 0.28725961538461536 0.5985576923076923 0.06490384615384616 0.15384615384615385
2 0.3485576923076923 0.5564903846153846 0.09495192307692307 0.18509615384615385
2 0.49278846153846156 0.5685096153846154 0.09615384615384616 0.20072115384615385
2 0.5865384615384616 0.5901442307692307 0.038461538461538464 0.14543269230769232
2 0.6298076923076923 0.578125 0.05889423076923077 0.17067307692307693
2 0.6947115384615384 0.5492788461538461 0.09735576923076923 0.19110576923076922