0 0.11658653846153846 0.11538461538461539 0.14543269230769232 0.15504807692307693
0 0.40625 0.16706730769230768 0.07451923076923077 0.08413461538461539
0 0.6394230769230769 0.16105769230769232 0.0889423076923077 0.10576923076923077
0 0.8185096153846154 0.14182692307692307 0.09134615384615384 0.15144230769230768
1 0.8365384615384616 0.38822115384615385 0.22716346153846154 0.6274038461538461
1 0.6478365384615384 0.35697115384615385 0.14903846153846154 0.4951923076923077
1 0.43149038461538464 0.3485576923076923 0.17067307692307693 0.44711538461538464
1 0.140625 0.5168269230769231 0.203125 0.9615384615384616
2 0.12860576923076922 0.5961538461538461 0.18990384615384615 0.6129807692307693
2 0.41947115384615385 0.41225961538461536 0.12139423076923077 0.2932692307692308
2 0.9038461538461539 0.42788461538461536 0.09375 0.3762019230769231