0 0.4987980769230769 0.23918269230769232 0.1622596153846154 0.1658653846153846
0 0.8942307692307693 0.28365384615384615 0.10576923076923077 0.1310096153846154
0 0.7475961538461539 0.34134615384615385 0.10576923076923077 0.12980769230769232
0 0.32091346153846156 0.30408653846153844 0.13221153846153846 0.15865384615384615
0 0.0985576923076923 0.25961538461538464 0.13221153846153846 0.15865384615384615
0 0.234375 0.33052884615384615 0.09735576923076923 0.14903846153846154
1 0.10216346153846154 0.546875 0.19110576923076922 0.7848557692307693
1 0.28125 0.5889423076923077 0.16706730769230768 0.78125
1 0.5108173076923077 0.5552884615384616 0.37740384615384615 0.8653846153846154
1 0.9002403846153846 0.5841346153846154 0.18870192307692307 0.8028846153846154
1 0.7451923076923077 0.5865384615384616 0.09375 0.7223557692307693