0 0.36778846153846156 0.39663461538461536 0.028846153846153848 0.04567307692307692
0 0.4182692307692308 0.37740384615384615 0.030048076923076924 0.042067307692307696
0 0.47716346153846156 0.3701923076923077 0.03245192307692308 0.04807692307692308
0 0.5516826923076923 0.40384615384615385 0.03245192307692308 0.06009615384615385
0 0.6045673076923077 0.41947115384615385 0.026442307692307692 0.039663461538461536
0 0.6670673076923077 0.37259615384615385 0.026442307692307692 0.05048076923076923
0 0.7199519230769231 0.3449519230769231 0.04567307692307692 0.07451923076923077
0 0.8425480769230769 0.34975961538461536 0.040865384615384616 0.051682692307692304
1 0.8533653846153846 0.6129807692307693 0.08052884615384616 0.5745192307692307
1 0.375 0.5925480769230769 0.07572115384615384 0.44350961538461536
1 0.4206730769230769 0.5673076923076923 0.055288461538461536 0.43028846153846156
1 0.4807692307692308 0.5204326923076923 0.051682692307692304 0.3581730769230769
1 0.546875 0.5985576923076923 0.06009615384615385 0.42788461538461536
1 0.6057692307692307 0.6081730769230769 0.046875 0.41225961538461536
1 0.6730769230769231 0.5925480769230769 0.051682692307692304 0.4795673076923077
1 0.7103365384615384 0.6538461538461539 0.10697115384615384 0.671875
2 0.36658653846153844 0.5360576923076923 0.05048076923076923 0.1875
2 0.41466346153846156 0.5012019230769231 0.05048076923076923 0.1622596153846154
2 0.47716346153846156 0.5180288461538461 0.04447115384615385 0.18389423076923078
2 0.546875 0.5444711538461539 0.04807692307692308 0.19591346153846154
2 0.6069711538461539 0.5576923076923077 0.04927884615384615 0.18028846153846154
2 0.6694711538461539 0.5216346153846154 0.04807692307692308 0.16346153846153846
2 0.7247596153846154 0.5444711538461539 0.0733173076923077 0.2704326923076923
2 0.8581730769230769 0.5252403846153846 0.06850961538461539 0.22956730769230768