0 0.27403846153846156 0.5408653846153846 0.028846153846153848 0.025240384615384616
0 0.6502403846153846 0.5432692307692307 0.027644230769230768 0.03125
0 0.5685096153846154 0.5420673076923077 0.03125 0.030048076923076924
0 0.49038461538461536 0.5456730769230769 0.027644230769230768 0.021634615384615384
0 0.4543269230769231 0.5685096153846154 0.027644230769230768 0.026442307692307692
0 0.484375 0.5685096153846154 0.036057692307692304 0.025240384615384616
0 0.4098557692307692 0.5504807692307693 0.03125 0.030048076923076924
0 0.33052884615384615 0.5408653846153846 0.03125 0.03125
0 0.0889423076923077 0.5576923076923077 0.006009615384615385 0.006009615384615385
1 0.07211538461538461 0.578125 0.014423076923076924 0.05048076923076923
1 0.0889423076923077 0.5757211538461539 0.015625 0.054086538461538464
1 0.2620192307692308 0.671875 0.056490384615384616 0.2920673076923077
1 0.31490384615384615 0.6814903846153846 0.06850961538461539 0.3173076923076923
1 0.39663461538461536 0.6995192307692307 0.05889423076923077 0.3329326923076923
1 0.44471153846153844 0.6826923076923077 0.037259615384615384 0.25961538461538464
1 0.4879807692307692 0.7175480769230769 0.0829326923076923 0.3173076923076923
1 0.6983173076923077 0.6802884615384616 0.14302884615384615 0.29927884615384615
1 0.5661057692307693 0.6742788461538461 0.06009615384615385 0.29447115384615385
2 0.26802884615384615 0.6237980769230769 0.046875 0.10216346153846154
2 0.31850961538461536 0.6298076923076923 0.056490384615384616 0.11658653846153846
2 0.39783653846153844 0.6442307692307693 0.052884615384615384 0.11538461538461539
2 0.4423076923076923 0.6442307692307693 0.03365384615384615 0.09495192307692307
2 0.4795673076923077 0.6730769230769231 0.06129807692307692 0.12379807692307693
2 0.5637019230769231 0.6213942307692307 0.051682692307692304 0.08653846153846154
2 0.6634615384615384 0.6310096153846154 0.0673076923076923 0.08653846153846154
0 0.0733173076923077 0.5564903846153846 0.006009615384615385 0.006009615384615385