0 0.12980769230769232 0.2247596153846154 0.11658653846153846 0.10216346153846154
0 0.29447115384615385 0.32091346153846156 0.08173076923076923 0.08413461538461539
0 0.46875 0.19951923076923078 0.14182692307692307 0.15264423076923078
0 0.6526442307692307 0.30528846153846156 0.13341346153846154 0.1346153846153846
0 0.7415865384615384 0.26322115384615385 0.09975961538461539 0.07451923076923077
0 0.953125 0.16105769230769232 0.09014423076923077 0.1346153846153846
1 0.0985576923076923 0.5841346153846154 0.19230769230769232 0.8197115384615384
1 0.2800480769230769 0.640625 0.13942307692307693 0.7115384615384616
1 0.4362980769230769 0.5432692307692307 0.19591346153846154 0.8533653846153846
1 0.6574519230769231 0.5889423076923077 0.19951923076923078 0.7632211538461539
1 0.7872596153846154 0.5829326923076923 0.1814903846153846 0.7572115384615384
1 0.9326923076923077 0.53125 0.12980769230769232 0.8713942307692307