0 0.13581730769230768 0.43990384615384615 0.026442307692307692 0.020432692307692308
0 0.18269230769230768 0.45552884615384615 0.019230769230769232 0.020432692307692308
0 0.23076923076923078 0.5588942307692307 0.025240384615384616 0.02283653846153846
0 0.29927884615384615 0.47596153846153844 0.027644230769230768 0.02403846153846154
0 0.3389423076923077 0.43149038461538464 0.018028846153846152 0.026442307692307692
0 0.36177884615384615 0.39663461538461536 0.021634615384615384 0.03245192307692308
0 0.32211538461538464 0.5817307692307693 0.026442307692307692 0.026442307692307692
0 0.36778846153846156 0.59375 0.03365384615384615 0.036057692307692304
0 0.4338942307692308 0.2548076923076923 0.021634615384615384 0.020432692307692308
0 0.47115384615384615 0.23557692307692307 0.014423076923076924 0.016826923076923076
0 0.5060096153846154 0.2692307692307692 0.016826923076923076 0.013221153846153846
0 0.5673076923076923 0.234375 0.025240384615384616 0.026442307692307692
0 0.5096153846153846 0.4543269230769231 0.03365384615384615 0.030048076923076924
0 0.5108173076923077 0.5168269230769231 0.018028846153846152 0.016826923076923076
0 0.5829326923076923 0.46875 0.019230769230769232 0.026442307692307692
0 0.6322115384615384 0.5697115384615384 0.025240384615384616 0.027644230769230768
0 0.6586538461538461 0.4110576923076923 0.025240384615384616 0.030048076923076924
0 0.6802884615384616 0.4519230769230769 0.02283653846153846 0.030048076923076924
0 0.7103365384615384 0.40865384615384615 0.025240384615384616 0.027644230769230768
0 0.7788461538461539 0.21153846153846154 0.02283653846153846 0.026442307692307692
0 0.8185096153846154 0.4254807692307692 0.026442307692307692 0.026442307692307692
0 0.8918269230769231 0.47596153846153844 0.028846153846153848 0.03245192307692308
0 0.9579326923076923 0.41225961538461536 0.028846153846153848 0.02403846153846154
2 0.1310096153846154 0.5096153846153846 0.040865384615384616 0.08052884615384616
2 0.28846153846153844 0.5492788461538461 0.025240384615384616 0.07451923076923077
2 0.3173076923076923 0.6538461538461539 0.038461538461538464 0.10697115384615384
2 0.3713942307692308 0.6538461538461539 0.052884615384615384 0.08774038461538461
2 0.36538461538461536 0.46875 0.03485576923076923 0.07451923076923077
2 0.3329326923076923 0.5036057692307693 0.025240384615384616 0.0733173076923077
2 0.5336538461538461 0.5120192307692307 0.038461538461538464 0.06009615384615385
2 0.6033653846153846 0.49759615384615385 0.042067307692307696 0.040865384615384616
2 0.6081730769230769 0.6177884615384616 0.021634615384615384 0.0625
2 0.6911057692307693 0.5132211538461539 0.039663461538461536 0.07692307692307693
2 0.7103365384615384 0.4483173076923077 0.030048076923076924 0.04927884615384615
2 0.5721153846153846 0.2920673076923077 0.03245192307692308 0.057692307692307696
2 0.8966346153846154 0.5480769230769231 0.04807692307692308 0.07932692307692307
2 0.9567307692307693 0.48197115384615385 0.028846153846153848 0.09014423076923077
2 0.7824519230769231 0.25841346153846156 0.03125 0.04447115384615385
1 0.13341346153846154 0.5420673076923077 0.04927884615384615 0.2283653846153846
1 0.18269230769230768 0.5492788461538461 0.037259615384615384 0.19471153846153846
1 0.23076923076923078 0.6033653846153846 0.042067307692307696 0.10697115384615384
1 0.28846153846153844 0.5757211538461539 0.018028846153846152 0.203125
1 0.3329326923076923 0.5012019230769231 0.027644230769230768 0.12740384615384615
1 0.36899038461538464 0.4723557692307692 0.042067307692307696 0.14783653846153846
1 0.32211538461538464 0.6911057692307693 0.04567307692307692 0.25
1 0.37259615384615385 0.6947115384615384 0.051682692307692304 0.234375
1 0.43028846153846156 0.3317307692307692 0.04567307692307692 0.1875
1 0.47596153846153844 0.23557692307692307 0.025240384615384616 0.054086538461538464
1 0.5360576923076923 0.3401442307692308 0.030048076923076924 0.16466346153846154
1 0.5721153846153846 0.31490384615384615 0.05048076923076923 0.19471153846153846
1 0.4879807692307692 0.5757211538461539 0.05889423076923077 0.07451923076923077
1 0.5264423076923077 0.5408653846153846 0.0673076923076923 0.21754807692307693
1 0.6009615384615384 0.48677884615384615 0.0673076923076923 0.08774038461538461
1 0.6322115384615384 0.6117788461538461 0.06129807692307692 0.12740384615384615
1 0.6875 0.5192307692307693 0.04807692307692308 0.15144230769230768
1 0.7163461538461539 0.4723557692307692 0.04326923076923077 0.16706730769230768
1 0.7836538461538461 0.25841346153846156 0.04326923076923077 0.109375
1 0.8149038461538461 0.5252403846153846 0.06129807692307692 0.23317307692307693
1 0.8966346153846154 0.5793269230769231 0.05889423076923077 0.25721153846153844
1 0.9591346153846154 0.5108173076923077 0.056490384615384616 0.2439903846153846