0 0.6021634615384616 0.21514423076923078 0.052884615384615384 0.04326923076923077
0 0.7211538461538461 0.19471153846153846 0.06971153846153846 0.037259615384615384
0 0.4543269230769231 0.25961538461538464 0.02283653846153846 0.01201923076923077
0 0.06370192307692307 0.44711538461538464 0.025240384615384616 0.020432692307692308
0 0.015625 0.49038461538461536 0.030048076923076924 0.02403846153846154
2 0.038461538461538464 0.5733173076923077 0.06490384615384616 0.09375
2 0.0625 0.5132211538461539 0.04326923076923077 0.056490384615384616
2 0.3004807692307692 0.3137019230769231 0.016826923076923076 0.046875
2 0.4579326923076923 0.29927884615384615 0.03485576923076923 0.04447115384615385
2 0.609375 0.3798076923076923 0.09254807692307693 0.17908653846153846
2 0.7091346153846154 0.3786057692307692 0.08533653846153846 0.21514423076923078
2 0.8088942307692307 0.40024038461538464 0.12259615384615384 0.23918269230769232
1 0.037259615384615384 0.5709134615384616 0.07091346153846154 0.19110576923076922
1 0.0733173076923077 0.5540865384615384 0.06490384615384616 0.21634615384615385
1 0.2932692307692308 0.30408653846153844 0.03365384615384615 0.07091346153846154
1 0.31850961538461536 0.35096153846153844 0.037259615384615384 0.16466346153846154
1 0.4567307692307692 0.328125 0.04567307692307692 0.14423076923076922
1 0.6057692307692307 0.4735576923076923 0.11057692307692307 0.5540865384615384
1 0.7067307692307693 0.46274038461538464 0.07932692307692307 0.5841346153846154
1 0.8149038461538461 0.5300480769230769 0.1310096153846154 0.7151442307692307