0 0.3245192307692308 0.6081730769230769 0.06009615384615385 0.054086538461538464
0 0.3894230769230769 0.6322115384615384 0.03485576923076923 0.028846153846153848
0 0.5925480769230769 0.6165865384615384 0.0673076923076923 0.06610576923076923
0 0.7319711538461539 0.5588942307692307 0.056490384615384616 0.051682692307692304
0 0.8401442307692307 0.5805288461538461 0.06850961538461539 0.051682692307692304
0 0.671875 0.6225961538461539 0.042067307692307696 0.038461538461538464
0 0.9146634615384616 0.5721153846153846 0.05048076923076923 0.03365384615384615
0 0.9423076923076923 0.6069711538461539 0.02403846153846154 0.021634615384615384
0 0.5372596153846154 0.6310096153846154 0.028846153846153848 0.026442307692307692
0 0.038461538461538464 0.6514423076923077 0.02403846153846154 0.021634615384615384
2 0.037259615384615384 0.7079326923076923 0.04567307692307692 0.078125
2 0.30649038461538464 0.7836538461538461 0.10576923076923077 0.2091346153846154
2 0.3798076923076923 0.7295673076923077 0.052884615384615384 0.12139423076923077
2 0.6009615384615384 0.7992788461538461 0.10216346153846154 0.2403846153846154
2 0.53125 0.7247596153846154 0.04927884615384615 0.12139423076923077
2 0.734375 0.7379807692307693 0.11057692307692307 0.21153846153846154
2 0.6706730769230769 0.7463942307692307 0.056490384615384616 0.18509615384615385
2 0.8605769230769231 0.7800480769230769 0.10336538461538461 0.2512019230769231
2 0.9206730769230769 0.6778846153846154 0.0829326923076923 0.14783653846153846
1 0.03365384615384615 0.7235576923076923 0.04927884615384615 0.18269230769230768
1 0.3076923076923077 0.7824519230769231 0.10697115384615384 0.4206730769230769
1 0.38341346153846156 0.7680288461538461 0.039663461538461536 0.33774038461538464
1 0.5985576923076923 0.7872596153846154 0.11658653846153846 0.40625
1 0.5264423076923077 0.7548076923076923 0.057692307692307696 0.3112980769230769
1 0.6742788461538461 0.7896634615384616 0.052884615384615384 0.3629807692307692
1 0.7439903846153846 0.7608173076923077 0.10216346153846154 0.45552884615384615
1 0.8629807692307693 0.7704326923076923 0.11057692307692307 0.43509615384615385
1 0.921875 0.7271634615384616 0.07932692307692307 0.3701923076923077