0 0.6021634615384616 0.6045673076923077 0.055288461538461536 0.0733173076923077
0 0.7896634615384616 0.8461538461538461 0.04927884615384615 0.05889423076923077
0 0.6189903846153846 0.4807692307692308 0.04927884615384615 0.04567307692307692
0 0.6153846153846154 0.4170673076923077 0.030048076923076924 0.042067307692307696
0 0.5733173076923077 0.33653846153846156 0.014423076923076924 0.016826923076923076
0 0.5072115384615384 0.3737980769230769 0.014423076923076924 0.025240384615384616
0 0.18389423076923078 0.5456730769230769 0.06009615384615385 0.08533653846153846
0 0.3786057692307692 0.7740384615384616 0.07692307692307693 0.0673076923076923
1 0.6646634615384616 0.7908653846153846 0.20552884615384615 0.41225961538461536
1 0.6850961538461539 0.5576923076923077 0.11298076923076923 0.171875
1 0.6598557692307693 0.44471153846153844 0.10216346153846154 0.11538461538461539
1 0.5853365384615384 0.3701923076923077 0.038461538461538464 0.09615384615384616
1 0.4879807692307692 0.40625 0.057692307692307696 0.10216346153846154
1 0.36778846153846156 0.8617788461538461 0.17548076923076922 0.25961538461538464
1 0.11057692307692307 0.7235576923076923 0.21153846153846154 0.46875