0 0.7692307692307693 0.3545673076923077 0.04326923076923077 0.046875
1 0.16346153846153846 0.6778846153846154 0.21033653846153846 0.5997596153846154
1 0.4639423076923077 0.6442307692307693 0.11057692307692307 0.5997596153846154
1 0.5853365384615384 0.6911057692307693 0.12860576923076922 0.6129807692307693
1 0.6778846153846154 0.5625 0.09375 0.4182692307692308
1 0.7800480769230769 0.5733173076923077 0.09014423076923077 0.4651442307692308
1 0.9098557692307693 0.6310096153846154 0.16466346153846154 0.7307692307692307
2 0.12980769230769232 0.6418269230769231 0.15264423076923078 0.3161057692307692
2 0.13581730769230768 0.9411057692307693 0.22956730769230768 0.11298076923076923
2 0.46875 0.5360576923076923 0.10817307692307693 0.21514423076923078
2 0.5805288461538461 0.6045673076923077 0.1141826923076923 0.296875
2 0.6682692307692307 0.4855769230769231 0.07091346153846154 0.15264423076923078
2 0.7824519230769231 0.4855769230769231 0.07692307692307693 0.15264423076923078
2 0.9026442307692307 0.5588942307692307 0.16466346153846154 0.34375