0 0.29927884615384615 0.7007211538461539 0.037259615384615384 0.055288461538461536
0 0.34134615384615385 0.7307692307692307 0.019230769230769232 0.021634615384615384
0 0.5024038461538461 0.5961538461538461 0.042067307692307696 0.04447115384615385
0 0.6875 0.7199519230769231 0.038461538461538464 0.038461538461538464
2 0.484375 0.6983173076923077 0.0673076923076923 0.13581730769230768
2 0.2548076923076923 0.7379807692307693 0.04567307692307692 0.08774038461538461
2 0.33653846153846156 0.7980769230769231 0.042067307692307696 0.06370192307692307
2 0.7043269230769231 0.7944711538461539 0.07091346153846154 0.057692307692307696
1 0.24278846153846154 0.8016826923076923 0.07211538461538461 0.27283653846153844
1 0.33052884615384615 0.8185096153846154 0.04807692307692308 0.18269230769230768
1 0.4879807692307692 0.7451923076923077 0.0829326923076923 0.3605769230769231
1 0.7163461538461539 0.8161057692307693 0.11057692307692307 0.22716346153846154