0 0.26802884615384615 0.6454326923076923 0.02403846153846154 0.019230769230769232
0 0.33413461538461536 0.5408653846153846 0.018028846153846152 0.026442307692307692
0 0.39663461538461536 0.4987980769230769 0.013221153846153846 0.026442307692307692
0 0.41346153846153844 0.5036057692307693 0.016826923076923076 0.020432692307692308
0 0.6730769230769231 0.7091346153846154 0.055288461538461536 0.06850961538461539
2 0.27283653846153844 0.703125 0.046875 0.06370192307692307
2 0.33774038461538464 0.5925480769230769 0.03485576923076923 0.06610576923076923
2 0.39663461538461536 0.5540865384615384 0.036057692307692304 0.06610576923076923
2 0.6947115384615384 0.8641826923076923 0.08173076923076923 0.1971153846153846
1 0.26802884615384615 0.6911057692307693 0.056490384615384616 0.10576923076923077
1 0.33774038461538464 0.5877403846153846 0.042067307692307696 0.09735576923076923
1 0.390625 0.5336538461538461 0.02403846153846154 0.0985576923076923
1 0.41225961538461536 0.5252403846153846 0.021634615384615384 0.0673076923076923
1 0.6947115384615384 0.8485576923076923 0.09495192307692307 0.28966346153846156