0 0.18269230769230768 0.36658653846153844 0.0625 0.08533653846153846
0 0.2668269230769231 0.41225961538461536 0.038461538461538464 0.051682692307692304
0 0.3269230769230769 0.4338942307692308 0.05889423076923077 0.07572115384615384
0 0.4026442307692308 0.40865384615384615 0.042067307692307696 0.03365384615384615
0 0.44711538461538464 0.3425480769230769 0.06129807692307692 0.08052884615384616
0 0.5492788461538461 0.4074519230769231 0.057692307692307696 0.07572115384615384
0 0.7043269230769231 0.3786057692307692 0.06009615384615385 0.0625
0 0.8461538461538461 0.4483173076923077 0.057692307692307696 0.06009615384615385
2 0.8485576923076923 0.6526442307692307 0.10336538461538461 0.23918269230769232
2 0.7091346153846154 0.5949519230769231 0.11177884615384616 0.2776442307692308
2 0.5504807692307693 0.6045673076923077 0.10216346153846154 0.2548076923076923
2 0.4362980769230769 0.578125 0.10336538461538461 0.3112980769230769
2 0.32572115384615385 0.6322115384615384 0.09134615384615384 0.234375
2 0.27283653846153844 0.5180288461538461 0.05048076923076923 0.109375
2 0.19471153846153846 0.5769230769230769 0.11899038461538461 0.2644230769230769
1 0.84375 0.6826923076923077 0.10817307692307693 0.5372596153846154
1 0.7091346153846154 0.6466346153846154 0.14783653846153846 0.6081730769230769
1 0.5528846153846154 0.6574519230769231 0.10216346153846154 0.5901442307692307
1 0.4338942307692308 0.6274038461538461 0.1310096153846154 0.6418269230769231
1 0.3245192307692308 0.6694711538461539 0.09134615384615384 0.5456730769230769
1 0.18990384615384615 0.6382211538461539 0.11538461538461539 0.6418269230769231
1 0.26322115384615385 0.6622596153846154 0.051682692307692304 0.5456730769230769