0 0.08173076923076923 0.37740384615384615 0.030048076923076924 0.039663461538461536
0 0.16466346153846154 0.33413461538461536 0.06610576923076923 0.057692307692307696
0 0.15745192307692307 0.15144230769230768 0.02403846153846154 0.021634615384615384
0 0.24759615384615385 0.18990384615384615 0.020432692307692308 0.013221153846153846
0 0.43509615384615385 0.08173076923076923 0.028846153846153848 0.021634615384615384
0 0.4423076923076923 0.14903846153846154 0.021634615384615384 0.019230769230769232
0 0.43509615384615385 0.17548076923076922 0.02403846153846154 0.015625
0 0.47836538461538464 0.19110576923076922 0.021634615384615384 0.02403846153846154
0 0.6538461538461539 0.171875 0.03245192307692308 0.025240384615384616
0 0.8088942307692307 0.13701923076923078 0.02283653846153846 0.020432692307692308
0 0.8846153846153846 0.18629807692307693 0.03125 0.026442307692307692
2 0.030048076923076924 0.40865384615384615 0.05048076923076923 0.07211538461538461
2 0.14903846153846154 0.5204326923076923 0.09735576923076923 0.22716346153846154
2 0.16105769230769232 0.22115384615384615 0.04447115384615385 0.08413461538461539
2 0.24759615384615385 0.21514423076923078 0.025240384615384616 0.016826923076923076
2 0.40625 0.1502403846153846 0.030048076923076924 0.10216346153846154
2 0.4338942307692308 0.23076923076923078 0.036057692307692304 0.07692307692307693
2 0.5180288461538461 0.2536057692307692 0.05048076923076923 0.0733173076923077
2 0.6598557692307693 0.25600961538461536 0.04807692307692308 0.09975961538461539
2 0.8125 0.20192307692307693 0.03485576923076923 0.07451923076923077
2 0.8653846153846154 0.27283653846153844 0.03485576923076923 0.11177884615384616
1 0.046875 0.43149038461538464 0.08533653846153846 0.14543269230769232
1 0.17307692307692307 0.6069711538461539 0.15985576923076922 0.6045673076923077
1 0.16105769230769232 0.20432692307692307 0.06490384615384616 0.1346153846153846
1 0.24879807692307693 0.21875 0.046875 0.07211538461538461
1 0.4182692307692308 0.14302884615384615 0.052884615384615384 0.14423076923076922
1 0.43509615384615385 0.28365384615384615 0.038461538461538464 0.22716346153846154
1 0.4987980769230769 0.28365384615384615 0.06490384615384616 0.2091346153846154
1 0.6550480769230769 0.23798076923076922 0.07572115384615384 0.15985576923076922
1 0.8076923076923077 0.2283653846153846 0.04326923076923077 0.20192307692307693
1 0.8774038461538461 0.31850961538461536 0.0625 0.28725961538461536