0 0.22235576923076922 0.12259615384615384 0.08413461538461539 0.140625
0 0.34134615384615385 0.18629807692307693 0.055288461538461536 0.054086538461538464
0 0.6069711538461539 0.2644230769230769 0.018028846153846152 0.0673076923076923
0 0.8149038461538461 0.13581730769230768 0.08774038461538461 0.14182692307692307
2 0.16706730769230768 0.3605769230769231 0.12740384615384615 0.30408653846153844
2 0.33774038461538464 0.4675480769230769 0.1141826923076923 0.3088942307692308
2 0.6141826923076923 0.4519230769230769 0.03245192307692308 0.25841346153846156
2 0.7295673076923077 0.3641826923076923 0.1045673076923077 0.32091346153846156
2 0.9302884615384616 0.6262019230769231 0.13701923076923078 0.140625
1 0.1778846153846154 0.5264423076923077 0.11899038461538461 0.9182692307692307
1 0.3449519230769231 0.5697115384615384 0.12259615384615384 0.8137019230769231
1 0.6153846153846154 0.4483173076923077 0.05048076923076923 0.42908653846153844
1 0.7608173076923077 0.5240384615384616 0.1658653846153846 0.8701923076923077
1 0.9146634615384616 0.7620192307692307 0.16947115384615385 0.4723557692307692