1 0.30288461538461536 0.7487980769230769 0.051682692307692304 0.051682692307692304
0 0.7800480769230769 0.07692307692307693 0.010817307692307692 0.01201923076923077
1 0.7848557692307693 0.10697115384615384 0.04326923076923077 0.08052884615384616
0 0.7151442307692307 0.18990384615384615 0.009615384615384616 0.009615384615384616
1 0.7175480769230769 0.22716346153846154 0.020432692307692308 0.08413461538461539
0 0.5745192307692307 0.19951923076923078 0.009615384615384616 0.01201923076923077
1 0.5745192307692307 0.21754807692307693 0.021634615384615384 0.04927884615384615
0 0.5264423076923077 0.23557692307692307 0.010817307692307692 0.010817307692307692
0 0.5252403846153846 0.22596153846153846 0.01201923076923077 0.009615384615384616
1 0.5228365384615384 0.23557692307692307 0.021634615384615384 0.028846153846153848
0 0.3449519230769231 0.15985576923076922 0.006009615384615385 0.007211538461538462
0 0.3076923076923077 0.16105769230769232 0.006009615384615385 0.008413461538461538
1 0.3449519230769231 0.17908653846153846 0.013221153846153846 0.04567307692307692
1 0.3076923076923077 0.1778846153846154 0.013221153846153846 0.04567307692307692