0 0.1658653846153846 0.8064903846153846 0.07451923076923077 0.052884615384615384
0 0.37740384615384615 0.7608173076923077 0.07451923076923077 0.057692307692307696
0 0.7379807692307693 0.7944711538461539 0.051682692307692304 0.03245192307692308
0 0.8197115384615384 0.7836538461538461 0.07211538461538461 0.04807692307692308
0 0.5588942307692307 0.38341346153846156 0.02283653846153846 0.01201923076923077
1 0.15384615384615385 0.8846153846153846 0.11899038461538461 0.20072115384615385
1 0.36538461538461536 0.8641826923076923 0.18389423076923078 0.2644230769230769
1 0.7367788461538461 0.8641826923076923 0.08052884615384616 0.15625
1 0.8473557692307693 0.8774038461538461 0.1622596153846154 0.2439903846153846
1 0.4735576923076923 0.3112980769230769 0.06971153846153846 0.10336538461538461
1 0.5552884615384616 0.4387019230769231 0.06370192307692307 0.1310096153846154