0 0.7055288461538461 0.20192307692307693 0.1502403846153846 0.14903846153846154
0 0.47716346153846156 0.25961538461538464 0.15625 0.12259615384615384
2 0.7331730769230769 0.640625 0.27283653846153844 0.4855769230769231
2 0.4891826923076923 0.6009615384615384 0.22716346153846154 0.3641826923076923
1 0.7439903846153846 0.5168269230769231 0.32572115384615385 0.7680288461538461
1 0.47716346153846156 0.48197115384615385 0.24759615384615385 0.5949519230769231
0 0.2704326923076923 0.32572115384615385 0.02403846153846154 0.027644230769230768
0 0.09134615384615384 0.3125 0.036057692307692304 0.037259615384615384
1 0.2644230769230769 0.4050480769230769 0.04807692307692308 0.19591346153846154
1 0.10096153846153846 0.4639423076923077 0.07692307692307693 0.3557692307692308
2 0.2668269230769231 0.38221153846153844 0.051682692307692304 0.07572115384615384
2 0.10817307692307693 0.41947115384615385 0.055288461538461536 0.12139423076923077