0 0.2403846153846154 0.21153846153846154 0.1502403846153846 0.07091346153846154
0 0.3954326923076923 0.21394230769230768 0.09375 0.056490384615384616
0 0.6045673076923077 0.20552884615384615 0.11298076923076923 0.06009615384615385
0 0.7644230769230769 0.2644230769230769 0.16346153846153846 0.07692307692307693
2 0.7487980769230769 0.49158653846153844 0.25 0.28966346153846156
2 0.5925480769230769 0.33774038461538464 0.20432692307692307 0.1502403846153846
2 0.4050480769230769 0.3605769230769231 0.20432692307692307 0.15144230769230768
2 0.21394230769230768 0.41225961538461536 0.23317307692307693 0.25240384615384615
1 0.20192307692307693 0.46634615384615385 0.20793269230769232 0.6478365384615384
1 0.390625 0.4338942307692308 0.18629807692307693 0.484375
1 0.5901442307692307 0.41225961538461536 0.18629807692307693 0.484375
1 0.7295673076923077 0.5673076923076923 0.31850961538461536 0.75