0 0.5925480769230769 0.3629807692307692 0.054086538461538464 0.046875
0 0.5192307692307693 0.3798076923076923 0.04567307692307692 0.06129807692307692
0 0.453125 0.36778846153846156 0.04567307692307692 0.046875
0 0.3629807692307692 0.3581730769230769 0.04447115384615385 0.042067307692307696
0 0.26802884615384615 0.375 0.040865384615384616 0.051682692307692304
0 0.1778846153846154 0.36899038461538464 0.04447115384615385 0.04447115384615385
1 0.6213942307692307 0.6490384615384616 0.09615384615384616 0.6189903846153846
1 0.5216346153846154 0.625 0.10697115384615384 0.5408653846153846
1 0.44711538461538464 0.5973557692307693 0.06850961538461539 0.5012019230769231
1 0.36177884615384615 0.5901442307692307 0.0889423076923077 0.5012019230769231
1 0.25721153846153844 0.6129807692307693 0.09375 0.515625
1 0.18269230769230768 0.6201923076923077 0.05889423076923077 0.5456730769230769
2 0.18028846153846154 0.5204326923076923 0.06490384615384616 0.19110576923076922
2 0.2644230769230769 0.5288461538461539 0.0829326923076923 0.1778846153846154
2 0.3581730769230769 0.5060096153846154 0.0829326923076923 0.1814903846153846
2 0.46033653846153844 0.5060096153846154 0.07451923076923077 0.16105769230769232
2 0.5288461538461539 0.5288461538461539 0.09375 0.203125
2 0.6237980769230769 0.5300480769230769 0.09615384615384616 0.21514423076923078