0 0.38221153846153844 0.3798076923076923 0.02403846153846154 0.036057692307692304
0 0.41225961538461536 0.40865384615384615 0.015625 0.02283653846153846
0 0.609375 0.38341346153846156 0.014423076923076924 0.020432692307692308
0 0.5973557692307693 0.41225961538461536 0.018028846153846152 0.030048076923076924
0 0.7512019230769231 0.20673076923076922 0.08533653846153846 0.1045673076923077
1 0.3629807692307692 0.49278846153846156 0.056490384615384616 0.25721153846153844
1 0.40384615384615385 0.4951923076923077 0.04567307692307692 0.19831730769230768
1 0.6177884615384616 0.4987980769230769 0.0625 0.19951923076923078
1 0.8509615384615384 0.5108173076923077 0.28125 0.6983173076923077
2 0.3557692307692308 0.4423076923076923 0.04567307692307692 0.10697115384615384
2 0.3954326923076923 0.46033653846153844 0.03485576923076923 0.08413461538461539
2 0.6262019230769231 0.453125 0.042067307692307696 0.06610576923076923
2 0.8581730769230769 0.32211538461538464 0.22716346153846154 0.24519230769230768