0 0.10576923076923077 0.1814903846153846 0.07211538461538461 0.08173076923076923
0 0.640625 0.14302884615384615 0.055288461538461536 0.06610576923076923
0 0.7536057692307693 0.14302884615384615 0.055288461538461536 0.06971153846153846
0 0.8269230769230769 0.4362980769230769 0.051682692307692304 0.05889423076923077
1 0.7007211538461539 0.1201923076923077 0.015625 0.06009615384615385
1 0.6286057692307693 0.4723557692307692 0.12860576923076922 0.7223557692307693
1 0.7692307692307693 0.3870192307692308 0.12980769230769232 0.5432692307692307
1 0.8293269230769231 0.6490384615384616 0.16346153846153846 0.4795673076923077
1 0.12379807692307693 0.5697115384615384 0.21875 0.8533653846153846
2 0.09254807692307693 0.43509615384615385 0.15144230769230768 0.33052884615384615
2 0.625 0.3581730769230769 0.11298076923076923 0.25600961538461536
2 0.7620192307692307 0.3485576923076923 0.11538461538461539 0.24519230769230768
2 0.8533653846153846 0.6298076923076923 0.1201923076923077 0.22235576923076922