0 0.010817307692307692 0.14543269230769232 0.019230769230769232 0.03125
0 0.36658653846153844 0.25600961538461536 0.027644230769230768 0.038461538461538464
0 0.40384615384615385 0.21153846153846154 0.02403846153846154 0.03125
0 0.6057692307692307 0.27884615384615385 0.04447115384615385 0.04326923076923077
0 0.5961538461538461 0.3581730769230769 0.03245192307692308 0.04807692307692308
0 0.6778846153846154 0.3701923076923077 0.04447115384615385 0.054086538461538464
0 0.5925480769230769 0.4026442307692308 0.037259615384615384 0.054086538461538464
0 0.8149038461538461 0.6646634615384616 0.03245192307692308 0.07091346153846154
0 0.7668269230769231 0.6490384615384616 0.037259615384615384 0.051682692307692304
0 0.4891826923076923 0.7271634615384616 0.039663461538461536 0.07692307692307693
0 0.3329326923076923 0.38461538461538464 0.03245192307692308 0.05048076923076923
0 0.08533653846153846 0.5204326923076923 0.037259615384615384 0.06370192307692307
1 0.020432692307692308 0.23677884615384615 0.038461538461538464 0.17668269230769232
1 0.41947115384615385 0.37740384615384615 0.0625 0.359375
1 0.32572115384615385 0.5516826923076923 0.06009615384615385 0.37259615384615385
1 0.22235576923076922 0.6141826923076923 0.06971153846153846 0.3473557692307692
1 0.11778846153846154 0.6983173076923077 0.08413461538461539 0.23918269230769232
1 0.49399038461538464 0.3737980769230769 0.07572115384615384 0.19831730769230768
1 0.46274038461538464 0.7860576923076923 0.13221153846153846 0.19951923076923078
1 0.7512019230769231 0.7367788461538461 0.09975961538461539 0.24519230769230768
1 0.8665865384615384 0.7307692307692307 0.12740384615384615 0.21153846153846154
1 0.5901442307692307 0.5949519230769231 0.08413461538461539 0.4411057692307692
1 0.6766826923076923 0.44591346153846156 0.08173076923076923 0.20432692307692307
1 0.6225961538461539 0.35216346153846156 0.06370192307692307 0.1814903846153846
1 0.07451923076923077 0.5769230769230769 0.06009615384615385 0.14543269230769232
0 0.5240384615384616 0.2860576923076923 0.021634615384615384 0.02283653846153846