0 0.38341346153846156 0.6971153846153846 0.09495192307692307 0.15264423076923078
0 0.5733173076923077 0.7211538461538461 0.040865384615384616 0.0625
0 0.47716346153846156 0.7367788461538461 0.03485576923076923 0.07572115384615384
0 0.6983173076923077 0.6262019230769231 0.16947115384615385 0.23197115384615385
1 0.359375 0.8088942307692307 0.1658653846153846 0.37740384615384615
1 0.5841346153846154 0.8413461538461539 0.08052884615384616 0.3161057692307692
1 0.7608173076923077 0.7584134615384616 0.29086538461538464 0.47836538461538464
1 0.5 0.8509615384615384 0.11538461538461539 0.2932692307692308
2 0.3425480769230769 0.8894230769230769 0.19230769230769232 0.21875
2 0.5012019230769231 0.8870192307692307 0.12259615384615384 0.22115384615384615
2 0.5889423076923077 0.859375 0.07692307692307693 0.2091346153846154
2 0.7764423076923077 0.8858173076923077 0.28365384615384615 0.22716346153846154