0 0.16706730769230768 0.23317307692307693 0.06129807692307692 0.056490384615384616
0 0.24639423076923078 0.24519230769230768 0.0625 0.0673076923076923
0 0.3605769230769231 0.25240384615384615 0.0625 0.0673076923076923
0 0.4375 0.2512019230769231 0.05889423076923077 0.0625
0 0.5288461538461539 0.25600961538461536 0.02403846153846154 0.042067307692307696
0 0.5709134615384616 0.18269230769230768 0.08413461538461539 0.08413461538461539
0 0.6610576923076923 0.1346153846153846 0.08774038461538461 0.08774038461538461
0 0.7127403846153846 0.23076923076923078 0.04807692307692308 0.07572115384615384
0 0.7800480769230769 0.22355769230769232 0.04927884615384615 0.051682692307692304
0 0.8329326923076923 0.2704326923076923 0.0733173076923077 0.07091346153846154
2 0.171875 0.42908653846153844 0.06971153846153846 0.22115384615384615
2 0.25841346153846156 0.4254807692307692 0.07692307692307693 0.21634615384615385
2 0.3629807692307692 0.4483173076923077 0.06610576923076923 0.20793269230769232
2 0.4375 0.42908653846153844 0.06610576923076923 0.20793269230769232
2 0.5192307692307693 0.4266826923076923 0.04447115384615385 0.18629807692307693
2 0.5709134615384616 0.421875 0.07091346153846154 0.24519230769230768
2 0.671875 0.453125 0.1310096153846154 0.3449519230769231
2 0.8461538461538461 0.49038461538461536 0.11057692307692307 0.24879807692307693
2 0.7788461538461539 0.3737980769230769 0.06009615384615385 0.13341346153846154
1 0.16706730769230768 0.5252403846153846 0.0829326923076923 0.6370192307692307
1 0.2644230769230769 0.5216346153846154 0.09495192307692307 0.625
1 0.36658653846153844 0.5384615384615384 0.08173076923076923 0.6129807692307693
1 0.4411057692307692 0.5180288461538461 0.08052884615384616 0.5997596153846154
1 0.5168269230769231 0.5204326923076923 0.04807692307692308 0.5673076923076923
1 0.5733173076923077 0.5721153846153846 0.08413461538461539 0.8533653846153846
1 0.6706730769230769 0.5420673076923077 0.13701923076923078 0.9146634615384616
1 0.84375 0.5865384615384616 0.12740384615384615 0.6947115384615384
1 0.7836538461538461 0.35096153846153844 0.06009615384615385 0.30408653846153844