0 0.42908653846153844 0.37740384615384615 0.078125 0.08052884615384616
0 0.7536057692307693 0.36778846153846156 0.06850961538461539 0.078125
0 0.35216346153846156 0.39903846153846156 0.05048076923076923 0.06850961538461539
0 0.4795673076923077 0.3954326923076923 0.06850961538461539 0.08052884615384616
2 0.41947115384615385 0.5625 0.12860576923076922 0.24879807692307693
2 0.7620192307692307 0.5408653846153846 0.1201923076923077 0.21153846153846154
1 0.9362980769230769 0.5697115384615384 0.12379807692307693 0.39783653846153844
1 0.7487980769230769 0.6069711538461539 0.1622596153846154 0.6177884615384616
1 0.65625 0.609375 0.10336538461538461 0.4483173076923077
1 0.5745192307692307 0.6081730769230769 0.10817307692307693 0.47836538461538464
1 0.42908653846153844 0.65625 0.17548076923076922 0.6514423076923077
1 0.3245192307692308 0.6394230769230769 0.09134615384615384 0.5
1 0.04447115384615385 0.6875 0.08653846153846154 0.59375