2 0.39302884615384615 0.6021634615384616 0.052884615384615384 0.06129807692307692
2 0.5252403846153846 0.5985576923076923 0.02403846153846154 0.025240384615384616
2 0.5060096153846154 0.6418269230769231 0.019230769230769232 0.02283653846153846
2 0.6081730769230769 0.5745192307692307 0.06129807692307692 0.15865384615384615
2 0.6586538461538461 0.5372596153846154 0.056490384615384616 0.11538461538461539
0 0.38221153846153844 0.5168269230769231 0.042067307692307696 0.05048076923076923
0 0.5805288461538461 0.42908653846153844 0.052884615384615384 0.037259615384615384
0 0.640625 0.4338942307692308 0.03485576923076923 0.03245192307692308
0 0.53125 0.5408653846153846 0.025240384615384616 0.018028846153846152
0 0.4987980769230769 0.6201923076923077 0.016826923076923076 0.015625
1 0.390625 0.6586538461538461 0.08052884615384616 0.34134615384615385
1 0.5024038461538461 0.6370192307692307 0.038461538461538464 0.08052884615384616
1 0.5432692307692307 0.6081730769230769 0.052884615384615384 0.15144230769230768
1 0.5973557692307693 0.6610576923076923 0.08774038461538461 0.4855769230769231
1 0.6730769230769231 0.6274038461538461 0.09134615384615384 0.41586538461538464