0 0.6875 0.21153846153846154 0.06129807692307692 0.10216346153846154
0 0.47836538461538464 0.5721153846153846 0.0733173076923077 0.1502403846153846
0 0.5552884615384616 0.23798076923076922 0.05889423076923077 0.055288461538461536
0 0.3942307692307692 0.2091346153846154 0.07211538461538461 0.10216346153846154
0 0.46153846153846156 0.19951923076923078 0.06370192307692307 0.08052884615384616
2 0.46875 0.4050480769230769 0.10336538461538461 0.21995192307692307
1 0.6947115384615384 0.27163461538461536 0.0985576923076923 0.23197115384615385
1 0.5612980769230769 0.2980769230769231 0.09134615384615384 0.18028846153846154
1 0.4170673076923077 0.7439903846153846 0.22716346153846154 0.47716346153846156
1 0.34134615384615385 0.5564903846153846 0.15144230769230768 0.8076923076923077
1 0.4639423076923077 0.3389423076923077 0.1045673076923077 0.35216346153846156
1 0.3870192307692308 0.40384615384615385 0.06490384615384616 0.3125