0 0.12860576923076922 0.4807692307692308 0.025240384615384616 0.025240384615384616
0 0.27884615384615385 0.2824519230769231 0.037259615384615384 0.051682692307692304
0 0.15745192307692307 0.5757211538461539 0.05048076923076923 0.14302884615384615
0 0.39903846153846156 0.27884615384615385 0.04447115384615385 0.055288461538461536
0 0.42788461538461536 0.24879807692307693 0.028846153846153848 0.03245192307692308
0 0.5240384615384616 0.2403846153846154 0.037259615384615384 0.05889423076923077
0 0.6670673076923077 0.2644230769230769 0.03125 0.051682692307692304
0 0.8185096153846154 0.2127403846153846 0.056490384615384616 0.06490384615384616
1 0.8221153846153846 0.45552884615384615 0.16346153846153846 0.5300480769230769
1 0.6959134615384616 0.43028846153846156 0.09975961538461539 0.38100961538461536
1 0.5240384615384616 0.5384615384615384 0.1310096153846154 0.3870192307692308
1 0.5396634615384616 0.2956730769230769 0.0733173076923077 0.171875
1 0.41346153846153844 0.4723557692307692 0.08653846153846154 0.4266826923076923
1 0.2920673076923077 0.35216346153846156 0.11778846153846154 0.1875
1 0.125 0.5348557692307693 0.06490384615384616 0.13221153846153846
1 0.25600961538461536 0.6766826923076923 0.24639423076923078 0.47596153846153844
2 0.8100961538461539 0.3293269230769231 0.08533653846153846 0.18028846153846154
2 0.7103365384615384 0.3629807692307692 0.06129807692307692 0.140625
2 0.28966346153846156 0.5024038461538461 0.1622596153846154 0.1346153846153846
2 0.12379807692307693 0.5492788461538461 0.057692307692307696 0.08413461538461539