0 0.20072115384615385 0.4675480769230769 0.04326923076923077 0.056490384615384616
2 0.24879807692307693 0.5096153846153846 0.052884615384615384 0.10697115384615384
0 0.36658653846153844 0.49158653846153844 0.038461538461538464 0.054086538461538464
0 0.44350961538461536 0.4675480769230769 0.03485576923076923 0.037259615384615384
0 0.5661057692307693 0.46634615384615385 0.038461538461538464 0.039663461538461536
0 0.8004807692307693 0.3401442307692308 0.06971153846153846 0.04927884615384615
2 0.3485576923076923 0.5432692307692307 0.06129807692307692 0.0625
2 0.47475961538461536 0.5228365384615384 0.057692307692307696 0.06490384615384616
2 0.6382211538461539 0.5036057692307693 0.0733173076923077 0.07692307692307693
2 0.8064903846153846 0.47115384615384615 0.10216346153846154 0.12379807692307693
1 0.21875 0.5733173076923077 0.10576923076923077 0.2776442307692308
1 0.3425480769230769 0.5889423076923077 0.10216346153846154 0.22956730769230768
1 0.47115384615384615 0.5685096153846154 0.07572115384615384 0.22716346153846154
1 0.6165865384615384 0.5745192307692307 0.1346153846153846 0.2704326923076923
1 0.8076923076923077 0.5661057692307693 0.20192307692307693 0.4831730769230769