0 0.11298076923076923 0.3004807692307692 0.08774038461538461 0.11899038461538461
0 0.3317307692307692 0.3076923076923077 0.038461538461538464 0.03365384615384615
0 0.48197115384615385 0.3858173076923077 0.03365384615384615 0.025240384615384616
0 0.6838942307692307 0.3425480769230769 0.03365384615384615 0.03365384615384615
0 0.890625 0.22956730769230768 0.06009615384615385 0.04567307692307692
2 0.09615384615384616 0.41225961538461536 0.11778846153846154 0.19471153846153846
2 0.31971153846153844 0.44471153846153844 0.07211538461538461 0.12620192307692307
2 0.4807692307692308 0.484375 0.046875 0.09014423076923077
2 0.6935096153846154 0.4675480769230769 0.040865384615384616 0.11658653846153846
2 0.90625 0.4098557692307692 0.07451923076923077 0.18990384615384615
2 0.40865384615384615 0.5132211538461539 0.01201923076923077 0.010817307692307692
2 0.4483173076923077 0.5084134615384616 0.013221153846153846 0.014423076923076924
2 0.4098557692307692 0.5024038461538461 0.007211538461538462 0.010817307692307692
1 0.1045673076923077 0.5408653846153846 0.15504807692307693 0.5985576923076923
1 0.3112980769230769 0.5252403846153846 0.10697115384615384 0.4723557692307692
1 0.4855769230769231 0.5180288461538461 0.057692307692307696 0.296875
1 0.6838942307692307 0.5276442307692307 0.06370192307692307 0.39903846153846156
1 0.8978365384615384 0.5084134615384616 0.08533653846153846 0.5985576923076923
1 0.7475961538461539 0.5288461538461539 0.013221153846153846 0.04447115384615385
1 0.7223557692307693 0.5288461538461539 0.009615384615384616 0.04447115384615385
1 0.44471153846153844 0.5120192307692307 0.014423076923076924 0.06129807692307692
1 0.4026442307692308 0.5180288461538461 0.014423076923076924 0.05889423076923077
1 0.41466346153846156 0.5192307692307693 0.018028846153846152 0.052884615384615384