0 0.8918269230769231 0.07572115384615384 0.21514423076923078 0.14783653846153846
0 0.7752403846153846 0.28966346153846156 0.1310096153846154 0.16346153846153846
0 0.5973557692307693 0.34134615384615385 0.09014423076923077 0.09375
0 0.5024038461538461 0.33653846153846156 0.0733173076923077 0.0985576923076923
0 0.36177884615384615 0.4182692307692308 0.08173076923076923 0.08774038461538461
2 0.5985576923076923 0.671875 0.16826923076923078 0.42427884615384615
1 0.9038461538461539 0.5024038461538461 0.18990384615384615 0.9915865384615384
1 0.7704326923076923 0.6021634615384616 0.18389423076923078 0.7920673076923077
1 0.6069711538461539 0.6490384615384616 0.1778846153846154 0.6983173076923077
1 0.46875 0.6442307692307693 0.15264423076923078 0.7079326923076923
1 0.3245192307692308 0.6862980769230769 0.15625 0.6237980769230769