0 0.2439903846153846 0.24519230769230768 0.13221153846153846 0.10216346153846154
0 0.4362980769230769 0.2536057692307692 0.12139423076923077 0.11538461538461539
0 0.6201923076923077 0.32211538461538464 0.0733173076923077 0.078125
0 0.7536057692307693 0.2512019230769231 0.08774038461538461 0.0829326923076923
0 0.8653846153846154 0.29927884615384615 0.0733173076923077 0.05889423076923077
0 0.5180288461538461 0.36538461538461536 0.046875 0.04927884615384615
0 0.8052884615384616 0.3389423076923077 0.03485576923076923 0.039663461538461536
1 0.2091346153846154 0.5901442307692307 0.14783653846153846 0.8112980769230769
1 0.42908653846153844 0.5961538461538461 0.19831730769230768 0.8040865384615384
1 0.6478365384615384 0.6490384615384616 0.16706730769230768 0.6971153846153846
1 0.7752403846153846 0.609375 0.11057692307692307 0.7752403846153846
1 0.8641826923076923 0.6069711538461539 0.1045673076923077 0.6947115384615384
1 0.6814903846153846 0.34975961538461536 0.0733173076923077 0.1658653846153846