0 0.859375 0.25240384615384615 0.06129807692307692 0.06610576923076923
0 0.6862980769230769 0.2512019230769231 0.07211538461538461 0.07572115384615384
0 0.5216346153846154 0.24639423076923078 0.06129807692307692 0.06490384615384616
0 0.37740384615384615 0.25961538461538464 0.0625 0.06850961538461539
0 0.22956730769230768 0.25841346153846156 0.046875 0.06009615384615385
1 0.21995192307692307 0.5348557692307693 0.1466346153846154 0.6081730769230769
1 0.3737980769230769 0.53125 0.15264423076923078 0.6153846153846154
1 0.5216346153846154 0.5360576923076923 0.15384615384615385 0.6370192307692307
1 0.7043269230769231 0.5336538461538461 0.1622596153846154 0.6454326923076923
1 0.8701923076923077 0.5372596153846154 0.16105769230769232 0.6346153846153846
2 0.2247596153846154 0.44591346153846156 0.09975961538461539 0.234375
2 0.38221153846153844 0.4423076923076923 0.10216346153846154 0.2247596153846154
2 0.5228365384615384 0.42427884615384615 0.09975961538461539 0.23076923076923078
2 0.6983173076923077 0.41586538461538464 0.11057692307692307 0.22716346153846154
2 0.8665865384615384 0.44350961538461536 0.1141826923076923 0.25