2 0.8461538461538461 0.3557692307692308 0.03365384615384615 0.109375
0 0.16826923076923078 0.5637019230769231 0.04927884615384615 0.07451923076923077
0 0.33413461538461536 0.453125 0.05889423076923077 0.056490384615384616
0 0.33653846153846156 0.5276442307692307 0.0625 0.06610576923076923
0 0.7283653846153846 0.39663461538461536 0.07572115384615384 0.06610576923076923
0 0.6995192307692307 0.15144230769230768 0.037259615384615384 0.037259615384615384
0 0.8774038461538461 0.2620192307692308 0.03485576923076923 0.046875
0 0.9783653846153846 0.16346153846153846 0.040865384615384616 0.04447115384615385
1 0.11538461538461539 0.6730769230769231 0.1875 0.36538461538461536
1 0.390625 0.75 0.18990384615384615 0.47836538461538464
1 0.7319711538461539 0.6442307692307693 0.13221153846153846 0.5865384615384616
1 0.6923076923076923 0.2800480769230769 0.057692307692307696 0.3137019230769231
1 0.8545673076923077 0.36778846153846156 0.08052884615384616 0.27403846153846156
1 0.9579326923076923 0.3245192307692308 0.07451923076923077 0.36658653846153844
1 0.31009615384615385 0.5012019230769231 0.09134615384615384 0.16706730769230768
0 0.6923076923076923 0.5324519230769231 0.039663461538461536 0.04447115384615385
1 0.6802884615384616 0.6189903846153846 0.05889423076923077 0.23317307692307693