0 0.17908653846153846 0.28966346153846156 0.02403846153846154 0.03125
0 0.22115384615384615 0.2776442307692308 0.037259615384615384 0.042067307692307696
0 0.2608173076923077 0.30408653846153844 0.026442307692307692 0.046875
0 0.2860576923076923 0.3269230769230769 0.026442307692307692 0.038461538461538464
0 0.3269230769230769 0.32091346153846156 0.030048076923076924 0.02283653846153846
0 0.4266826923076923 0.4170673076923077 0.03245192307692308 0.04807692307692308
0 0.6081730769230769 0.6478365384615384 0.04807692307692308 0.039663461538461536
0 0.7896634615384616 0.7139423076923077 0.05889423076923077 0.06009615384615385
0 0.45913461538461536 0.5997596153846154 0.04567307692307692 0.038461538461538464
0 0.4014423076923077 0.48197115384615385 0.039663461538461536 0.05048076923076923
2 0.27884615384615385 0.42788461538461536 0.052884615384615384 0.11298076923076923
2 0.3269230769230769 0.3918269230769231 0.039663461538461536 0.09014423076923077
2 0.21153846153846154 0.35096153846153844 0.04567307692307692 0.09254807692307693
2 0.39783653846153844 0.5853365384615384 0.06009615384615385 0.1141826923076923
2 0.4326923076923077 0.5168269230769231 0.03485576923076923 0.09735576923076923
2 0.45072115384615385 0.7403846153846154 0.06490384615384616 0.16105769230769232
2 0.6069711538461539 0.7764423076923077 0.07211538461538461 0.15985576923076922
2 0.7980769230769231 0.8425480769230769 0.08653846153846154 0.11658653846153846
2 0.59375 0.40865384615384615 0.036057692307692304 0.07091346153846154
2 0.45552884615384615 0.3798076923076923 0.05048076923076923 0.09134615384615384
2 0.38221153846153844 0.3798076923076923 0.04807692307692308 0.07091346153846154
1 0.17307692307692307 0.3088942307692308 0.027644230769230768 0.078125
1 0.21394230769230768 0.3245192307692308 0.037259615384615384 0.13942307692307693
1 0.25841346153846156 0.3245192307692308 0.027644230769230768 0.10576923076923077
1 0.2848557692307692 0.4735576923076923 0.03485576923076923 0.33052884615384615
1 0.3293269230769231 0.4170673076923077 0.03245192307692308 0.21514423076923078
1 0.3798076923076923 0.38221153846153844 0.03245192307692308 0.15504807692307693
1 0.45913461538461536 0.42427884615384615 0.056490384615384616 0.296875
1 0.5949519230769231 0.45552884615384615 0.046875 0.24879807692307693
1 0.43028846153846156 0.4855769230769231 0.04567307692307692 0.17067307692307693
1 0.3954326923076923 0.5961538461538461 0.05048076923076923 0.2704326923076923
1 0.4567307692307692 0.7487980769230769 0.08653846153846154 0.34375
1 0.6069711538461539 0.765625 0.09014423076923077 0.27283653846153844
1 0.8028846153846154 0.8329326923076923 0.09975961538461539 0.2920673076923077