0 0.39663461538461536 0.18389423076923078 0.018028846153846152 0.019230769230769232
0 0.2776442307692308 0.17067307692307693 0.07211538461538461 0.06610576923076923
0 0.42788461538461536 0.6057692307692307 0.05889423076923077 0.046875
0 0.5216346153846154 0.6850961538461539 0.03365384615384615 0.04326923076923077
0 0.7716346153846154 0.17307692307692307 0.06129807692307692 0.055288461538461536
0 0.9483173076923077 0.15264423076923078 0.046875 0.051682692307692304
2 0.2536057692307692 0.3317307692307692 0.07572115384615384 0.21153846153846154
2 0.39783653846153844 0.22596153846153846 0.020432692307692308 0.038461538461538464
2 0.4831730769230769 0.7331730769230769 0.07572115384615384 0.15384615384615385
2 0.6057692307692307 0.6814903846153846 0.10697115384615384 0.07572115384615384
2 0.7896634615384616 0.30408653846153844 0.078125 0.15144230769230768
2 0.9471153846153846 0.27283653846153844 0.06490384615384616 0.13822115384615385
1 0.2764423076923077 0.4206730769230769 0.12259615384615384 0.5673076923076923
1 0.39783653846153844 0.234375 0.04447115384615385 0.1310096153846154
1 0.4639423076923077 0.7560096153846154 0.13341346153846154 0.3389423076923077
1 0.5961538461538461 0.6995192307692307 0.18870192307692307 0.09975961538461539
1 0.7716346153846154 0.3485576923076923 0.08052884615384616 0.4579326923076923
1 0.9447115384615384 0.2860576923076923 0.0625 0.3161057692307692