0 0.3112980769230769 0.5865384615384616 0.018028846153846152 0.026442307692307692
0 0.4014423076923077 0.7235576923076923 0.026442307692307692 0.016826923076923076
0 0.23197115384615385 0.6790865384615384 0.015625 0.020432692307692308
0 0.34375 0.7824519230769231 0.03125 0.026442307692307692
0 0.17067307692307693 0.41947115384615385 0.018028846153846152 0.014423076923076924
0 0.24879807692307693 0.328125 0.018028846153846152 0.016826923076923076
0 0.28846153846153844 0.32572115384615385 0.015625 0.016826923076923076
1 0.16105769230769232 0.4338942307692308 0.057692307692307696 0.078125
1 0.25 0.36778846153846156 0.036057692307692304 0.10697115384615384
1 0.28846153846153844 0.36177884615384615 0.036057692307692304 0.10096153846153846
1 0.22115384615384615 0.7295673076923077 0.0625 0.12139423076923077
1 0.34615384615384615 0.8317307692307693 0.0673076923076923 0.11778846153846154