0 0.3293269230769231 0.26802884615384615 0.08413461538461539 0.046875
0 0.055288461538461536 0.42908653846153844 0.0733173076923077 0.03125
0 0.7115384615384616 0.4338942307692308 0.028846153846153848 0.018028846153846152
0 0.8233173076923077 0.3762019230769231 0.042067307692307696 0.016826923076923076
0 0.8798076923076923 0.375 0.03485576923076923 0.016826923076923076
1 0.08052884615384616 0.45072115384615385 0.12379807692307693 0.08173076923076923
1 0.1971153846153846 0.4651442307692308 0.09735576923076923 0.08052884615384616
1 0.4098557692307692 0.4519230769230769 0.2403846153846154 0.4266826923076923
1 0.7163461538461539 0.44350961538461536 0.055288461538461536 0.04326923076923077
1 0.8257211538461539 0.41466346153846156 0.057692307692307696 0.09975961538461539
1 0.8882211538461539 0.4182692307692308 0.055288461538461536 0.09615384615384616