0 0.6670673076923077 0.44591346153846156 0.03485576923076923 0.03485576923076923
0 0.7980769230769231 0.44711538461538464 0.03485576923076923 0.03485576923076923
0 0.5396634615384616 0.39903846153846156 0.03485576923076923 0.03485576923076923
0 0.43509615384615385 0.4807692307692308 0.04447115384615385 0.03485576923076923
0 0.35336538461538464 0.5240384615384616 0.038461538461538464 0.042067307692307696
1 0.7944711538461539 0.5709134615384616 0.052884615384615384 0.2824519230769231
1 0.6646634615384616 0.5600961538461539 0.054086538461538464 0.27884615384615385
1 0.5396634615384616 0.5108173076923077 0.05889423076923077 0.2800480769230769
1 0.43990384615384615 0.6129807692307693 0.06370192307692307 0.2980769230769231
1 0.3449519230769231 0.6490384615384616 0.0733173076923077 0.2980769230769231
1 0.25841346153846156 0.5264423076923077 0.06490384615384616 0.21754807692307693