0 0.17668269230769232 0.40384615384615385 0.16105769230769232 0.12620192307692307
0 0.38341346153846156 0.33052884615384615 0.078125 0.0625
0 0.4795673076923077 0.3641826923076923 0.04326923076923077 0.038461538461538464
0 0.6838942307692307 0.3173076923076923 0.12860576923076922 0.1622596153846154
0 0.8257211538461539 0.4074519230769231 0.10096153846153846 0.09375
0 0.8858173076923077 0.39783653846153844 0.036057692307692304 0.06009615384615385
0 0.2776442307692308 0.38461538461538464 0.020432692307692308 0.019230769230769232
2 0.14903846153846154 0.7367788461538461 0.19951923076923078 0.3329326923076923
2 0.3641826923076923 0.5264423076923077 0.10817307692307693 0.2127403846153846
2 0.49399038461538464 0.4723557692307692 0.06490384615384616 0.10336538461538461
2 0.6742788461538461 0.7007211538461539 0.28125 0.4639423076923077
2 0.8533653846153846 0.6081730769230769 0.1045673076923077 0.21754807692307693
2 0.8966346153846154 0.5324519230769231 0.03245192307692308 0.16706730769230768
1 0.15625 0.6610576923076923 0.23918269230769232 0.6694711538461539
1 0.37259615384615385 0.6442307692307693 0.13822115384615385 0.6935096153846154
1 0.49038461538461536 0.53125 0.0829326923076923 0.37740384615384615
1 0.6790865384615384 0.6045673076923077 0.2932692307692308 0.765625
1 0.8365384615384616 0.640625 0.1310096153846154 0.5408653846153846
1 0.8978365384615384 0.4651442307692308 0.04927884615384615 0.19591346153846154
2 0.7427884615384616 0.45552884615384615 0.028846153846153848 0.05048076923076923
1 0.7367788461538461 0.46153846153846156 0.03245192307692308 0.0625