2 0.020432692307692308 0.7307692307692307 0.038461538461538464 0.16105769230769232
2 0.13221153846153846 0.7427884615384616 0.0829326923076923 0.19951923076923078
2 0.265625 0.765625 0.06610576923076923 0.19831730769230768
2 0.3161057692307692 0.7584134615384616 0.027644230769230768 0.10216346153846154
2 0.3317307692307692 0.6526442307692307 0.03365384615384615 0.08052884615384616
2 0.4495192307692308 0.7415865384615384 0.07572115384615384 0.21394230769230768
2 0.5420673076923077 0.6766826923076923 0.040865384615384616 0.11177884615384616
2 0.5841346153846154 0.7019230769230769 0.026442307692307692 0.109375
2 0.6550480769230769 0.7764423076923077 0.08533653846153846 0.21153846153846154
2 0.7512019230769231 0.6826923076923077 0.04326923076923077 0.109375
2 0.8341346153846154 0.7367788461538461 0.06490384615384616 0.20072115384615385
2 0.9134615384615384 0.6394230769230769 0.05048076923076923 0.10697115384615384
2 0.8341346153846154 0.5552884615384616 0.019230769230769232 0.020432692307692308
0 0.014423076923076924 0.5576923076923077 0.026442307692307692 0.03485576923076923
0 0.0625 0.5384615384615384 0.039663461538461536 0.02283653846153846
0 0.14783653846153846 0.5612980769230769 0.051682692307692304 0.046875
0 0.2776442307692308 0.5721153846153846 0.06971153846153846 0.07211538461538461
0 0.4567307692307692 0.5504807692307693 0.06971153846153846 0.046875
0 0.3317307692307692 0.5709134615384616 0.027644230769230768 0.026442307692307692
0 0.5480769230769231 0.5985576923076923 0.03365384615384615 0.037259615384615384
0 0.5997596153846154 0.6045673076923077 0.03485576923076923 0.03245192307692308
0 0.6586538461538461 0.5697115384615384 0.06971153846153846 0.04927884615384615
0 0.7103365384615384 0.5685096153846154 0.042067307692307696 0.057692307692307696
0 0.7644230769230769 0.5564903846153846 0.037259615384615384 0.025240384615384616
0 0.7572115384615384 0.5985576923076923 0.039663461538461536 0.030048076923076924
0 0.8353365384615384 0.5132211538461539 0.018028846153846152 0.016826923076923076
0 0.8449519230769231 0.5841346153846154 0.04927884615384615 0.037259615384615384
0 0.8173076923076923 0.5733173076923077 0.030048076923076924 0.03485576923076923
0 0.9134615384615384 0.5721153846153846 0.038461538461538464 0.030048076923076924
0 0.09495192307692307 0.5673076923076923 0.019230769230769232 0.019230769230769232
1 0.018028846153846152 0.7115384615384616 0.03365384615384615 0.3245192307692308
1 0.06850961538461539 0.5865384615384616 0.06129807692307692 0.13221153846153846
1 0.13942307692307693 0.7620192307692307 0.09615384615384616 0.4519230769230769
1 0.27403846153846156 0.765625 0.09615384615384616 0.4423076923076923
1 0.4567307692307692 0.7668269230769231 0.10216346153846154 0.4639423076923077
1 0.671875 0.7764423076923077 0.12620192307692307 0.4423076923076923
1 0.8341346153846154 0.7764423076923077 0.08173076923076923 0.4338942307692308
1 0.9122596153846154 0.6983173076923077 0.06610576923076923 0.3076923076923077
1 0.5432692307692307 0.7163461538461539 0.052884615384615384 0.2848557692307692
1 0.33653846153846156 0.6430288461538461 0.037259615384615384 0.16947115384615385
1 0.19591346153846154 0.6478365384615384 0.05048076923076923 0.14783653846153846
1 0.59375 0.6838942307692307 0.040865384615384616 0.17668269230769232
1 0.7055288461538461 0.6634615384615384 0.040865384615384616 0.21153846153846154
1 0.8293269230769231 0.5252403846153846 0.04807692307692308 0.0625
1 0.7548076923076923 0.7163461538461539 0.042067307692307696 0.25240384615384615