0 0.7896634615384616 0.28125 0.03365384615384615 0.037259615384615384
0 0.7079326923076923 0.27884615384615385 0.030048076923076924 0.03245192307692308
0 0.171875 0.390625 0.04927884615384615 0.04567307692307692
0 0.2824519230769231 0.3858173076923077 0.040865384615384616 0.042067307692307696
0 0.3161057692307692 0.3137019230769231 0.038461538461538464 0.042067307692307696
0 0.24519230769230768 0.47115384615384615 0.052884615384615384 0.046875
0 0.3858173076923077 0.34615384615384615 0.03365384615384615 0.037259615384615384
0 0.3449519230769231 0.44350961538461536 0.04326923076923077 0.04326923076923077
0 0.4651442307692308 0.3088942307692308 0.03245192307692308 0.038461538461538464
0 0.45072115384615385 0.3894230769230769 0.038461538461538464 0.040865384615384616
0 0.5480769230769231 0.32211538461538464 0.030048076923076924 0.03245192307692308
0 0.5661057692307693 0.3786057692307692 0.038461538461538464 0.039663461538461536
0 0.6286057692307693 0.3173076923076923 0.03245192307692308 0.03245192307692308
0 0.6658653846153846 0.17668269230769232 0.021634615384615384 0.028846153846153848
0 0.7475961538461539 0.33774038461538464 0.038461538461538464 0.04567307692307692
0 0.8497596153846154 0.3581730769230769 0.042067307692307696 0.038461538461538464
1 0.6694711538461539 0.25721153846153844 0.05889423076923077 0.19230769230769232
1 0.796875 0.3449519230769231 0.0625 0.1622596153846154
1 0.7007211538461539 0.3269230769230769 0.06610576923076923 0.1310096153846154
1 0.8389423076923077 0.5492788461538461 0.10096153846153846 0.4098557692307692
1 0.7367788461538461 0.5336538461538461 0.09975961538461539 0.4326923076923077
1 0.6586538461538461 0.5697115384615384 0.1045673076923077 0.42908653846153844
1 0.6177884615384616 0.38341346153846156 0.054086538461538464 0.1658653846153846
1 0.5612980769230769 0.5649038461538461 0.09014423076923077 0.4098557692307692
1 0.5324519230769231 0.37740384615384615 0.055288461538461536 0.13221153846153846
1 0.46153846153846156 0.5985576923076923 0.08533653846153846 0.4543269230769231
1 0.4675480769230769 0.37740384615384615 0.078125 0.1622596153846154
1 0.390625 0.4387019230769231 0.0673076923076923 0.21033653846153846
1 0.32572115384615385 0.36658653846153844 0.057692307692307696 0.14543269230769232
1 0.36177884615384615 0.6394230769230769 0.1045673076923077 0.4206730769230769
1 0.28966346153846156 0.44591346153846156 0.06971153846153846 0.14543269230769232
1 0.171875 0.6129807692307693 0.10096153846153846 0.4879807692307692
1 0.2548076923076923 0.6826923076923077 0.12139423076923077 0.45072115384615385
2 0.2512019230769231 0.6274038461538461 0.11778846153846154 0.1935096153846154
2 0.3605769230769231 0.5997596153846154 0.11538461538461539 0.19230769230769232
2 0.3918269230769231 0.453125 0.0673076923076923 0.12620192307692307
2 0.3269230769230769 0.4026442307692308 0.057692307692307696 0.078125
2 0.45552884615384615 0.5276442307692307 0.07692307692307693 0.17307692307692307
2 0.484375 0.40384615384615385 0.054086538461538464 0.08653846153846154
2 0.5288461538461539 0.40865384615384615 0.042067307692307696 0.09735576923076923
2 0.5649038461538461 0.5060096153846154 0.0733173076923077 0.15264423076923078
2 0.6201923076923077 0.4014423076923077 0.040865384615384616 0.07211538461538461
2 0.6598557692307693 0.5048076923076923 0.09975961538461539 0.18990384615384615
2 0.7451923076923077 0.47836538461538464 0.078125 0.17307692307692307
2 0.7908653846153846 0.37740384615384615 0.054086538461538464 0.09975961538461539
2 0.8509615384615384 0.49278846153846156 0.10817307692307693 0.18629807692307693
2 0.6754807692307693 0.23317307692307693 0.05048076923076923 0.06850961538461539
2 0.7055288461538461 0.35697115384615385 0.06370192307692307 0.06971153846153846