0 0.2548076923076923 0.14903846153846154 0.12740384615384615 0.1310096153846154
0 0.39903846153846156 0.28725961538461536 0.15865384615384615 0.15625
0 0.5673076923076923 0.2620192307692308 0.11177884615384616 0.12980769230769232
0 0.6887019230769231 0.2439903846153846 0.14302884615384615 0.13581730769230768
1 0.20673076923076922 0.5384615384615384 0.22716346153846154 0.9134615384615384
1 0.4110576923076923 0.6045673076923077 0.19471153846153846 0.7824519230769231
1 0.5552884615384616 0.3894230769230769 0.15745192307692307 0.37259615384615385
1 0.734375 0.5877403846153846 0.26322115384615385 0.8209134615384616
2 0.2127403846153846 0.6189903846153846 0.2620192307692308 0.5552884615384616
2 0.3858173076923077 0.7367788461538461 0.2439903846153846 0.5240384615384616
2 0.5204326923076923 0.671875 0.10336538461538461 0.4855769230769231
2 0.7079326923076923 0.7127403846153846 0.26322115384615385 0.5709134615384616