0 0.6850961538461539 0.1658653846153846 0.03245192307692308 0.04326923076923077
0 0.46274038461538464 0.35697115384615385 0.042067307692307696 0.037259615384615384
0 0.3713942307692308 0.34375 0.036057692307692304 0.04567307692307692
0 0.18509615384615385 0.3581730769230769 0.039663461538461536 0.03485576923076923
0 0.12860576923076922 0.33533653846153844 0.04326923076923077 0.04567307692307692
2 0.12139423076923077 0.43990384615384615 0.06009615384615385 0.12139423076923077
1 0.6658653846153846 0.33653846153846156 0.09134615384615384 0.3954326923076923
1 0.4675480769230769 0.5264423076923077 0.08413461538461539 0.38100961538461536
1 0.3786057692307692 0.4951923076923077 0.08774038461538461 0.36658653846153844
1 0.1935096153846154 0.5012019230769231 0.07451923076923077 0.32091346153846156
1 0.125 0.5048076923076923 0.08173076923076923 0.38461538461538464