0 0.10697115384615384 0.3762019230769231 0.020432692307692308 0.019230769230769232
0 0.13701923076923078 0.34615384615384615 0.02403846153846154 0.03365384615384615
0 0.17908653846153846 0.4014423076923077 0.021634615384615384 0.02283653846153846
0 0.2848557692307692 0.3713942307692308 0.014423076923076924 0.025240384615384616
0 0.3701923076923077 0.24759615384615385 0.036057692307692304 0.05048076923076923
0 0.6490384615384616 0.3641826923076923 0.030048076923076924 0.05889423076923077
2 0.1141826923076923 0.4579326923076923 0.04567307692307692 0.14182692307692307
2 0.3629807692307692 0.4014423076923077 0.07932692307692307 0.18990384615384615
1 0.09495192307692307 0.5036057692307693 0.03245192307692308 0.2956730769230769
1 0.1346153846153846 0.5216346153846154 0.042067307692307696 0.3942307692307692
1 0.17307692307692307 0.46875 0.03125 0.15865384615384615
1 0.2283653846153846 0.5132211538461539 0.040865384615384616 0.2692307692307692
1 0.27283653846153844 0.49038461538461536 0.04807692307692308 0.2644230769230769
1 0.37740384615384615 0.5084134615384616 0.11057692307692307 0.5661057692307693
1 0.6322115384615384 0.44711538461538464 0.0829326923076923 0.21033653846153846
1 0.8257211538461539 0.5552884615384616 0.12860576923076922 0.20673076923076922