0 0.09495192307692307 0.265625 0.006009615384615385 0.01201923076923077
1 0.0985576923076923 0.2824519230769231 0.014423076923076924 0.04447115384615385
0 0.03365384615384615 0.765625 0.015625 0.020432692307692308
1 0.03365384615384615 0.8389423076923077 0.03485576923076923 0.16346153846153846
1 0.2800480769230769 0.6899038461538461 0.018028846153846152 0.08653846153846154
0 0.3473557692307692 0.6334134615384616 0.008413461538461538 0.008413461538461538
1 0.34615384615384615 0.6706730769230769 0.019230769230769232 0.08653846153846154
0 0.43028846153846156 0.765625 0.009615384615384616 0.015625
1 0.4254807692307692 0.8161057692307693 0.026442307692307692 0.1201923076923077
0 0.484375 0.7091346153846154 0.008413461538461538 0.016826923076923076
0 0.4879807692307692 0.7355769230769231 0.008413461538461538 0.015625
0 0.5841346153846154 0.7079326923076923 0.008413461538461538 0.01201923076923077
0 0.5396634615384616 0.65625 0.006009615384615385 0.01201923076923077
0 0.5024038461538461 0.6550480769230769 0.004807692307692308 0.009615384615384616
0 0.578125 0.6057692307692307 0.007211538461538462 0.009615384615384616
1 0.49278846153846156 0.7692307692307693 0.026442307692307692 0.0829326923076923
1 0.4987980769230769 0.6875 0.019230769230769232 0.0733173076923077
1 0.5396634615384616 0.6911057692307693 0.021634615384615384 0.08173076923076923
1 0.5853365384615384 0.7536057692307693 0.02403846153846154 0.10096153846153846
1 0.5805288461538461 0.6346153846153846 0.016826923076923076 0.06610576923076923
0 0.5024038461538461 0.3786057692307692 0.007211538461538462 0.014423076923076924
0 0.4735576923076923 0.3641826923076923 0.010817307692307692 0.010817307692307692
1 0.47475961538461536 0.375 0.014423076923076924 0.030048076923076924
1 0.49759615384615385 0.390625 0.019230769230769232 0.037259615384615384
0 0.75 0.359375 0.007211538461538462 0.008413461538461538
0 0.7788461538461539 0.36658653846153844 0.007211538461538462 0.010817307692307692
1 0.75 0.390625 0.020432692307692308 0.07091346153846154
1 0.78125 0.3858173076923077 0.015625 0.04807692307692308
1 0.625 0.6262019230769231 0.015625 0.06370192307692307
0 0.9399038461538461 0.6850961538461539 0.007211538461538462 0.009615384615384616
2 0.3449519230769231 0.6622596153846154 0.019230769230769232 0.038461538461538464
2 0.03245192307692308 0.8100961538461539 0.027644230769230768 0.05889423076923077
2 0.5396634615384616 0.6826923076923077 0.016826923076923076 0.039663461538461536