0 0.2439903846153846 0.6682692307692307 0.09975961538461539 0.1141826923076923
0 0.36899038461538464 0.5877403846153846 0.03365384615384615 0.030048076923076924
0 0.5216346153846154 0.5853365384615384 0.02403846153846154 0.021634615384615384
0 0.5685096153846154 0.6153846153846154 0.03245192307692308 0.03365384615384615
0 0.8569711538461539 0.390625 0.09375 0.08173076923076923
2 0.8942307692307693 0.6177884615384616 0.14783653846153846 0.24639423076923078
2 0.6057692307692307 0.6838942307692307 0.04807692307692308 0.078125
2 0.5012019230769231 0.6502403846153846 0.042067307692307696 0.09615384615384616
2 0.22355769230769232 0.8858173076923077 0.13942307692307693 0.19230769230769232
1 0.22956730769230768 0.8040865384615384 0.1622596153846154 0.3858173076923077
1 0.3605769230769231 0.6490384615384616 0.06971153846153846 0.15985576923076922
1 0.5060096153846154 0.6478365384615384 0.06370192307692307 0.1502403846153846
1 0.5913461538461539 0.6850961538461539 0.08173076923076923 0.1658653846153846
1 0.8978365384615384 0.6033653846153846 0.171875 0.5276442307692307