0 0.171875 0.46274038461538464 0.03125 0.03125
0 0.31490384615384615 0.42427884615384615 0.03365384615384615 0.03125
0 0.6694711538461539 0.41586538461538464 0.028846153846153848 0.039663461538461536
0 0.7451923076923077 0.4266826923076923 0.03245192307692308 0.042067307692307696
1 0.171875 0.625 0.1045673076923077 0.3545673076923077
1 0.32091346153846156 0.5913461538461539 0.08774038461538461 0.35697115384615385
1 0.6682692307692307 0.5697115384615384 0.08173076923076923 0.3473557692307692
1 0.75 0.5793269230769231 0.08653846153846154 0.3425480769230769
2 0.17908653846153846 0.5673076923076923 0.0829326923076923 0.14903846153846154
2 0.3233173076923077 0.5444711538461539 0.08653846153846154 0.14302884615384615
2 0.6694711538461539 0.5264423076923077 0.06971153846153846 0.15264423076923078
2 0.7487980769230769 0.5288461538461539 0.0829326923076923 0.140625