0 0.2932692307692308 0.15985576923076922 0.04927884615384615 0.036057692307692304
0 0.37259615384615385 0.6742788461538461 0.04447115384615385 0.0733173076923077
0 0.33052884615384615 0.46634615384615385 0.03485576923076923 0.04567307692307692
0 0.3858173076923077 0.45072115384615385 0.051682692307692304 0.039663461538461536
0 0.6622596153846154 0.38341346153846156 0.03485576923076923 0.037259615384615384
0 0.7536057692307693 0.38822115384615385 0.040865384615384616 0.028846153846153848
2 0.296875 0.24759615384615385 0.042067307692307696 0.078125
2 0.33533653846153844 0.5540865384615384 0.04927884615384615 0.11899038461538461
1 0.2956730769230769 0.2764423076923077 0.0889423076923077 0.27403846153846156
1 0.3245192307692308 0.5324519230769231 0.06610576923076923 0.1658653846153846
1 0.3918269230769231 0.5252403846153846 0.0625 0.18389423076923078
1 0.3545673076923077 0.7331730769230769 0.12379807692307693 0.1875
1 0.6550480769230769 0.421875 0.052884615384615384 0.1310096153846154
1 0.75 0.43028846153846156 0.0733173076923077 0.13341346153846154