0 0.8245192307692307 0.08173076923076923 0.12259615384615384 0.1045673076923077
0 0.5853365384615384 0.14543269230769232 0.07692307692307693 0.07091346153846154
0 0.49759615384615385 0.11899038461538461 0.09375 0.11298076923076923
0 0.18870192307692307 0.1310096153846154 0.078125 0.07211538461538461
0 0.13221153846153846 0.15504807692307693 0.09495192307692307 0.10216346153846154
2 0.8341346153846154 0.375 0.22235576923076922 0.36177884615384615
2 0.5168269230769231 0.3894230769230769 0.19230769230769232 0.3016826923076923
2 0.20192307692307693 0.3798076923076923 0.22235576923076922 0.2932692307692308
1 0.8269230769230769 0.49399038461538464 0.17908653846153846 0.9266826923076923
1 0.6225961538461539 0.5132211538461539 0.14302884615384615 0.7932692307692307
1 0.5360576923076923 0.5024038461538461 0.24278846153846154 0.921875
1 0.21153846153846154 0.5096153846153846 0.25721153846153844 0.8569711538461539