0 0.8317307692307693 0.1971153846153846 0.13221153846153846 0.12620192307692307
0 0.7139423076923077 0.3269230769230769 0.14423076923076922 0.13942307692307693
0 0.9639423076923077 0.06009615384615385 0.06850961538461539 0.11538461538461539
0 0.16466346153846154 0.3137019230769231 0.09014423076923077 0.09014423076923077
0 0.20793269230769232 0.31009615384615385 0.039663461538461536 0.0985576923076923
0 0.0733173076923077 0.25841346153846156 0.14182692307692307 0.14543269230769232
0 0.36899038461538464 0.24759615384615385 0.11778846153846154 0.09014423076923077
0 0.6334134615384616 0.2764423076923077 0.09375 0.0985576923076923
1 0.08173076923076923 0.5817307692307693 0.15985576923076922 0.8197115384615384
1 0.19951923076923078 0.6310096153846154 0.15384615384615385 0.7199519230769231
1 0.3798076923076923 0.5949519230769231 0.19951923076923078 0.8052884615384616
1 0.7223557692307693 0.6310096153846154 0.17548076923076922 0.7259615384615384
1 0.6358173076923077 0.6081730769230769 0.13581730769230768 0.7776442307692307
1 0.8617788461538461 0.5673076923076923 0.16826923076923078 0.8497596153846154
1 0.9603365384615384 0.4963942307692308 0.07572115384615384 0.9867788461538461