0 0.7560096153846154 0.1141826923076923 0.16826923076923078 0.16826923076923078
0 0.5733173076923077 0.13581730769230768 0.11538461538461539 0.1141826923076923
0 0.33653846153846156 0.09615384615384616 0.1466346153846154 0.13341346153846154
0 0.16826923076923078 0.09134615384615384 0.2439903846153846 0.17307692307692307
2 0.7800480769230769 0.6033653846153846 0.203125 0.5649038461538461
2 0.5637019230769231 0.5096153846153846 0.2091346153846154 0.44591346153846156
2 0.33774038461538464 0.5564903846153846 0.1875 0.5492788461538461
2 0.1346153846153846 0.6213942307692307 0.25 0.5396634615384616
1 0.7908653846153846 0.46033653846153844 0.25 0.8509615384615384
1 0.5612980769230769 0.49038461538461536 0.1971153846153846 0.8016826923076923
1 0.33774038461538464 0.4579326923076923 0.16826923076923078 0.8665865384615384
1 0.1466346153846154 0.44591346153846156 0.28725961538461536 0.8810096153846154