0 0.3557692307692308 0.15625 0.11658653846153846 0.1502403846153846
0 0.5829326923076923 0.2956730769230769 0.09014423076923077 0.14302884615384615
2 0.3125 0.5396634615384616 0.16466346153846154 0.4651442307692308
2 0.5925480769230769 0.6658653846153846 0.15144230769230768 0.43149038461538464
1 0.3125 0.5372596153846154 0.19831730769230768 0.9074519230769231
1 0.5901442307692307 0.6069711538461539 0.22115384615384615 0.7740384615384616
0 0.9627403846153846 0.7944711538461539 0.008413461538461538 0.014423076923076924
2 0.9639423076923077 0.8197115384615384 0.014423076923076924 0.027644230769230768
1 0.9627403846153846 0.8365384615384616 0.020432692307692308 0.10697115384615384
2 0.9074519230769231 0.8473557692307693 0.015625 0.027644230769230768
1 0.9086538461538461 0.8521634615384616 0.020432692307692308 0.07451923076923077
0 0.8473557692307693 0.7884615384615384 0.01201923076923077 0.016826923076923076
2 0.8473557692307693 0.8185096153846154 0.018028846153846152 0.037259615384615384
1 0.8485576923076923 0.8305288461538461 0.019230769230769232 0.11658653846153846
0 0.8293269230769231 0.8197115384615384 0.009615384615384616 0.013221153846153846
2 0.8365384615384616 0.8569711538461539 0.009615384615384616 0.03125
1 0.8329326923076923 0.8449519230769231 0.020432692307692308 0.07091346153846154
1 0.7884615384615384 0.8401442307692307 0.014423076923076924 0.054086538461538464
1 0.7716346153846154 0.8461538461538461 0.01201923076923077 0.040865384615384616
1 0.7487980769230769 0.8413461538461539 0.019230769230769232 0.054086538461538464
1 0.6899038461538461 0.8653846153846154 0.020432692307692308 0.10576923076923077
1 0.7223557692307693 0.8377403846153846 0.021634615384615384 0.054086538461538464
2 0.7223557692307693 0.8413461538461539 0.019230769230769232 0.03125
2 0.6887019230769231 0.8509615384615384 0.019230769230769232 0.05048076923076923