0 0.038461538461538464 0.31971153846153844 0.0733173076923077 0.10576923076923077
0 0.17668269230769232 0.3329326923076923 0.06009615384615385 0.078125
0 0.23557692307692307 0.3942307692307692 0.08413461538461539 0.1141826923076923
0 0.35697115384615385 0.2956730769230769 0.057692307692307696 0.057692307692307696
0 0.40865384615384615 0.3161057692307692 0.06490384615384616 0.0733173076923077
0 0.5552884615384616 0.31850961538461536 0.057692307692307696 0.06129807692307692
0 0.7668269230769231 0.3269230769230769 0.06850961538461539 0.07932692307692307
0 0.4326923076923077 0.28125 0.025240384615384616 0.03485576923076923
1 0.057692307692307696 0.6298076923076923 0.11057692307692307 0.7379807692307693
1 0.15625 0.6418269230769231 0.0733173076923077 0.6875
1 0.23557692307692307 0.6706730769230769 0.11899038461538461 0.65625
1 0.34134615384615385 0.5985576923076923 0.08173076923076923 0.6610576923076923
1 0.4074519230769231 0.640625 0.10216346153846154 0.7151442307692307
1 0.5625 0.6382211538461539 0.11899038461538461 0.6995192307692307
1 0.7572115384615384 0.6418269230769231 0.12620192307692307 0.7115384615384616