0 0.40384615384615385 0.30649038461538464 0.042067307692307696 0.051682692307692304
0 0.5288461538461539 0.35216346153846156 0.051682692307692304 0.06009615384615385
0 0.65625 0.2824519230769231 0.06370192307692307 0.05889423076923077
0 0.8004807692307693 0.17668269230769232 0.0829326923076923 0.08173076923076923
1 0.4266826923076923 0.5300480769230769 0.16466346153846154 0.5012019230769231
1 0.5408653846153846 0.5901442307692307 0.15264423076923078 0.5324519230769231
1 0.6754807692307693 0.5949519230769231 0.18028846153846154 0.6466346153846154
1 0.8509615384615384 0.5673076923076923 0.24519230769230768 0.8509615384615384
2 0.42788461538461536 0.4543269230769231 0.08653846153846154 0.17908653846153846
2 0.5528846153846154 0.5180288461538461 0.09495192307692307 0.2127403846153846
2 0.6742788461538461 0.49399038461538464 0.10576923076923077 0.2608173076923077
2 0.8293269230769231 0.43149038461538464 0.15264423076923078 0.31971153846153844