0 0.3473557692307692 0.3629807692307692 0.08052884615384616 0.0733173076923077
0 0.4170673076923077 0.3317307692307692 0.07932692307692307 0.0733173076923077
0 0.609375 0.32211538461538464 0.06129807692307692 0.051682692307692304
0 0.7463942307692307 0.33052884615384615 0.0829326923076923 0.08052884615384616
2 0.3269230769230769 0.5432692307692307 0.09134615384615384 0.22115384615384615
2 0.4098557692307692 0.4879807692307692 0.08052884615384616 0.20673076923076922
2 0.625 0.49038461538461536 0.10216346153846154 0.1935096153846154
2 0.7680288461538461 0.5180288461538461 0.1141826923076923 0.23557692307692307
1 0.33413461538461536 0.6490384615384616 0.08533653846153846 0.6322115384615384
1 0.41225961538461536 0.5685096153846154 0.07451923076923077 0.5360576923076923
1 0.6225961538461539 0.5985576923076923 0.08774038461538461 0.6021634615384616
1 0.7572115384615384 0.6346153846153846 0.1045673076923077 0.671875