1 0.13701923076923078 0.6298076923076923 0.1622596153846154 0.7367788461538461
1 0.27163461538461536 0.6490384615384616 0.14302884615384615 0.6947115384615384
1 0.421875 0.6274038461538461 0.16346153846153846 0.7415865384615384
1 0.5492788461538461 0.6514423076923077 0.09375 0.6923076923076923
1 0.6826923076923077 0.6298076923076923 0.16346153846153846 0.7355769230769231
1 0.8822115384615384 0.5625 0.22596153846153846 0.8701923076923077
2 0.10817307692307693 0.5961538461538461 0.0829326923076923 0.4110576923076923
2 0.2644230769230769 0.6262019230769231 0.1466346153846154 0.38822115384615385
2 0.4266826923076923 0.609375 0.14543269230769232 0.4110576923076923
2 0.5492788461538461 0.5769230769230769 0.09134615384615384 0.3137019230769231
2 0.6790865384615384 0.59375 0.15625 0.39903846153846156
2 0.8870192307692307 0.4423076923076923 0.22355769230769232 0.3581730769230769