0 0.1502403846153846 0.4543269230769231 0.025240384615384616 0.040865384615384616
0 0.22115384615384615 0.7319711538461539 0.04326923076923077 0.04807692307692308
0 0.28725961538461536 0.23076923076923078 0.04807692307692308 0.0625
0 0.32211538461538464 0.43028846153846156 0.054086538461538464 0.04567307692307692
0 0.4110576923076923 0.38221153846153844 0.042067307692307696 0.05048076923076923
0 0.5889423076923077 0.46875 0.039663461538461536 0.055288461538461536
0 0.5324519230769231 0.17307692307692307 0.039663461538461536 0.0625
0 0.9278846153846154 0.6814903846153846 0.03485576923076923 0.07692307692307693
1 0.15625 0.6069711538461539 0.04447115384615385 0.3401442307692308
1 0.24278846153846154 0.7776442307692307 0.10576923076923077 0.1466346153846154
1 0.2800480769230769 0.25600961538461536 0.07211538461538461 0.1201923076923077
1 0.34134615384615385 0.49399038461538464 0.08173076923076923 0.1875
1 0.43149038461538464 0.4951923076923077 0.0673076923076923 0.2848557692307692
1 0.5324519230769231 0.2608173076923077 0.078125 0.27283653846153844
1 0.6177884615384616 0.5516826923076923 0.10216346153846154 0.21153846153846154
1 0.9375 0.6706730769230769 0.10096153846153846 0.18990384615384615