0 0.04447115384615385 0.25240384615384615 0.020432692307692308 0.018028846153846152
0 0.11057692307692307 0.24759615384615385 0.02403846153846154 0.019230769230769232
0 0.20072115384615385 0.2776442307692308 0.021634615384615384 0.025240384615384616
0 0.2536057692307692 0.28125 0.019230769230769232 0.013221153846153846
0 0.3317307692307692 0.4014423076923077 0.07451923076923077 0.09375
0 0.7403846153846154 0.3870192307692308 0.051682692307692304 0.07692307692307693
0 0.8149038461538461 0.3605769230769231 0.057692307692307696 0.05889423076923077
0 0.9026442307692307 0.5925480769230769 0.040865384615384616 0.04326923076923077
0 0.5564903846153846 0.5348557692307693 0.04567307692307692 0.055288461538461536
0 0.16105769230769232 0.3545673076923077 0.08653846153846154 0.0829326923076923
0 0.6298076923076923 0.359375 0.0733173076923077 0.055288461538461536
1 0.040865384615384616 0.31850961538461536 0.05048076923076923 0.1778846153846154
1 0.1045673076923077 0.3112980769230769 0.042067307692307696 0.1466346153846154
1 0.19951923076923078 0.3545673076923077 0.040865384615384616 0.17668269230769232
1 0.2536057692307692 0.35697115384615385 0.039663461538461536 0.18389423076923078
1 0.11057692307692307 0.6538461538461539 0.12980769230769232 0.6766826923076923
1 0.3401442307692308 0.6754807692307693 0.13221153846153846 0.6334134615384616
1 0.5516826923076923 0.59375 0.07091346153846154 0.15745192307692307
1 0.6225961538461539 0.609375 0.09375 0.5492788461538461
1 0.7451923076923077 0.5769230769230769 0.09735576923076923 0.46634615384615385
1 0.8341346153846154 0.5685096153846154 0.0829326923076923 0.44350961538461536
1 0.9302884615384616 0.5769230769230769 0.0733173076923077 0.35336538461538464