0 0.3894230769230769 0.16346153846153846 0.027644230769230768 0.04447115384615385
0 0.59375 0.4651442307692308 0.03485576923076923 0.03365384615384615
0 0.1346153846153846 0.7524038461538461 0.036057692307692304 0.057692307692307696
0 0.18629807692307693 0.5504807692307693 0.042067307692307696 0.03125
0 0.3425480769230769 0.7427884615384616 0.036057692307692304 0.021634615384615384
2 0.06370192307692307 0.75 0.07692307692307693 0.07572115384615384
2 0.3293269230769231 0.8125 0.051682692307692304 0.09735576923076923
2 0.5841346153846154 0.5745192307692307 0.056490384615384616 0.10817307692307693
1 0.08774038461538461 0.8112980769230769 0.1201923076923077 0.26802884615384615
1 0.18870192307692307 0.7175480769230769 0.09254807692307693 0.36899038461538464
1 0.35096153846153844 0.8185096153846154 0.11538461538461539 0.17668269230769232
1 0.3762019230769231 0.2764423076923077 0.05048076923076923 0.28725961538461536
1 0.5817307692307693 0.6237980769230769 0.06129807692307692 0.3401442307692308