0 0.7199519230769231 0.1778846153846154 0.054086538461538464 0.06850961538461539
0 0.609375 0.234375 0.05048076923076923 0.06129807692307692
0 0.21153846153846154 0.21394230769230768 0.05889423076923077 0.055288461538461536
0 0.4567307692307692 0.25600961538461536 0.054086538461538464 0.07211538461538461
0 0.3894230769230769 0.27283653846153844 0.04807692307692308 0.042067307692307696
2 0.7331730769230769 0.34975961538461536 0.11538461538461539 0.20432692307692307
2 0.6274038461538461 0.39903846153846156 0.09735576923076923 0.19951923076923078
2 0.46274038461538464 0.4362980769230769 0.1045673076923077 0.21514423076923078
2 0.38461538461538464 0.4519230769230769 0.05048076923076923 0.21033653846153846
2 0.2091346153846154 0.4326923076923077 0.12379807692307693 0.23798076923076922
1 0.7331730769230769 0.4423076923076923 0.12860576923076922 0.6021634615384616
1 0.6177884615384616 0.4879807692307692 0.12379807692307693 0.5649038461538461
1 0.47716346153846156 0.5420673076923077 0.14783653846153846 0.6418269230769231
1 0.3798076923076923 0.5216346153846154 0.078125 0.5564903846153846
1 0.20673076923076922 0.5552884615384616 0.1875 0.7391826923076923