0 0.15384615384615385 0.26802884615384615 0.054086538461538464 0.057692307692307696
0 0.4483173076923077 0.19471153846153846 0.038461538461538464 0.055288461538461536
0 0.5997596153846154 0.27524038461538464 0.056490384615384616 0.04326923076923077
0 0.8016826923076923 0.27283653846153844 0.04807692307692308 0.028846153846153848
0 0.7451923076923077 0.2668269230769231 0.05048076923076923 0.038461538461538464
0 0.8497596153846154 0.2548076923076923 0.056490384615384616 0.04326923076923077
2 0.15144230769230768 0.3629807692307692 0.07932692307692307 0.12259615384615384
2 0.3918269230769231 0.28846153846153844 0.09134615384615384 0.11658653846153846
2 0.5877403846153846 0.4483173076923077 0.09254807692307693 0.18870192307692307
2 0.7271634615384616 0.37259615384615385 0.06610576923076923 0.10336538461538461
2 0.8293269230769231 0.44350961538461536 0.08653846153846154 0.171875
2 0.8918269230769231 0.39783653846153844 0.06610576923076923 0.15625
1 0.13221153846153846 0.43990384615384615 0.10576923076923077 0.39783653846153844
1 0.4026442307692308 0.36658653846153844 0.10096153846153846 0.4074519230769231
1 0.5769230769230769 0.5360576923076923 0.10216346153846154 0.5540865384615384
1 0.7355769230769231 0.5228365384615384 0.08413461538461539 0.5528846153846154
1 0.8028846153846154 0.5576923076923077 0.11177884615384616 0.5540865384615384
1 0.8810096153846154 0.49399038461538464 0.09134615384615384 0.5132211538461539