0 0.4483173076923077 0.5925480769230769 0.016826923076923076 0.036057692307692304
0 0.3137019230769231 0.6454326923076923 0.014423076923076924 0.025240384615384616
0 0.22956730769230768 0.5661057692307693 0.021634615384615384 0.03365384615384615
0 0.3425480769230769 0.5 0.015625 0.016826923076923076
0 0.23798076923076922 0.484375 0.016826923076923076 0.019230769230769232
0 0.3918269230769231 0.4723557692307692 0.015625 0.013221153846153846
1 0.44711538461538464 0.6394230769230769 0.039663461538461536 0.14302884615384615
1 0.2980769230769231 0.6826923076923077 0.055288461538461536 0.09615384615384616
1 0.24158653846153846 0.6225961538461539 0.04567307692307692 0.14783653846153846
1 0.2439903846153846 0.5240384615384616 0.028846153846153848 0.09014423076923077
1 0.35096153846153844 0.5576923076923077 0.03245192307692308 0.140625
1 0.39302884615384615 0.5168269230769231 0.02403846153846154 0.10697115384615384
1 0.2620192307692308 0.4567307692307692 0.02283653846153846 0.06610576923076923
1 0.171875 0.5372596153846154 0.028846153846153848 0.0829326923076923