0 0.234375 0.24879807692307693 0.08533653846153846 0.12740384615384615
0 0.4230769230769231 0.23798076923076922 0.08052884615384616 0.08173076923076923
0 0.7536057692307693 0.38822115384615385 0.11538461538461539 0.12139423076923077
0 0.14302884615384615 0.11057692307692307 0.1875 0.1658653846153846
2 0.10697115384615384 0.5697115384615384 0.21153846153846154 0.5588942307692307
2 0.21394230769230768 0.5444711538461539 0.08653846153846154 0.4074519230769231
2 0.4375 0.5336538461538461 0.17427884615384615 0.35216346153846156
2 0.7596153846153846 0.7115384615384616 0.18028846153846154 0.4026442307692308
1 0.7151442307692307 0.6634615384615384 0.2860576923076923 0.6706730769230769
1 0.44591346153846156 0.5973557692307693 0.2403846153846154 0.7944711538461539
1 0.23677884615384615 0.5805288461538461 0.12740384615384615 0.8245192307692307
1 0.11177884615384616 0.5084134615384616 0.22115384615384615 0.9615384615384616