0 0.38100961538461536 0.1658653846153846 0.11177884615384616 0.08533653846153846
0 0.5444711538461539 0.19230769230769232 0.08173076923076923 0.09014423076923077
0 0.6995192307692307 0.2608173076923077 0.11899038461538461 0.09495192307692307
0 0.8497596153846154 0.33774038461538464 0.046875 0.03125
0 0.9134615384615384 0.3317307692307692 0.046875 0.03365384615384615
2 0.34134615384615385 0.4987980769230769 0.18509615384615385 0.4014423076923077
2 0.5504807692307693 0.46274038461538464 0.16105769230769232 0.3485576923076923
2 0.7355769230769231 0.5420673076923077 0.16105769230769232 0.34375
2 0.8545673076923077 0.44471153846153844 0.052884615384615384 0.08533653846153846
2 0.921875 0.4254807692307692 0.040865384615384616 0.09014423076923077
2 0.9771634615384616 0.3473557692307692 0.042067307692307696 0.14302884615384615
1 0.33774038461538464 0.5637019230769231 0.18509615384615385 0.8665865384615384
1 0.5504807692307693 0.5576923076923077 0.16826923076923078 0.8112980769230769
1 0.734375 0.6069711538461539 0.1875 0.7824519230769231
1 0.8509615384615384 0.4362980769230769 0.0625 0.22235576923076922
1 0.9206730769230769 0.43509615384615385 0.0673076923076923 0.23918269230769232
1 0.9735576923076923 0.4098557692307692 0.05048076923076923 0.32211538461538464