0 0.03125 0.3557692307692308 0.06129807692307692 0.10096153846153846
0 0.13221153846153846 0.3557692307692308 0.07572115384615384 0.07692307692307693
0 0.20072115384615385 0.4326923076923077 0.06850961538461539 0.07692307692307693
0 0.3161057692307692 0.3762019230769231 0.056490384615384616 0.05889423076923077
0 0.4699519230769231 0.3918269230769231 0.039663461538461536 0.046875
0 0.5252403846153846 0.4050480769230769 0.03245192307692308 0.039663461538461536
0 0.5889423076923077 0.43509615384615385 0.039663461538461536 0.039663461538461536
0 0.6682692307692307 0.39783653846153844 0.040865384615384616 0.042067307692307696
0 0.7115384615384616 0.4326923076923077 0.04447115384615385 0.07451923076923077
0 0.8485576923076923 0.4675480769230769 0.06370192307692307 0.0733173076923077
1 0.037259615384615384 0.6514423076923077 0.07211538461538461 0.6923076923076923
1 0.1141826923076923 0.6574519230769231 0.09495192307692307 0.6766826923076923
1 0.20552884615384615 0.6995192307692307 0.08052884615384616 0.5973557692307693
1 0.3161057692307692 0.6610576923076923 0.10697115384615384 0.6165865384615384
1 0.4579326923076923 0.6346153846153846 0.08052884615384616 0.5324519230769231
1 0.5264423076923077 0.6141826923076923 0.06009615384615385 0.4831730769230769
1 0.5889423076923077 0.6610576923076923 0.06971153846153846 0.4963942307692308
1 0.6574519230769231 0.625 0.06009615384615385 0.5036057692307693
1 0.7043269230769231 0.6826923076923077 0.07451923076923077 0.5697115384615384
1 0.8473557692307693 0.7115384615384616 0.109375 0.5697115384615384