0 0.5961538461538461 0.22355769230769232 0.04447115384615385 0.04927884615384615
0 0.8389423076923077 0.6598557692307693 0.07211538461538461 0.08774038461538461
0 0.8197115384615384 0.7584134615384616 0.07572115384615384 0.11057692307692307
0 0.49399038461538464 0.6298076923076923 0.0673076923076923 0.09014423076923077
0 0.41947115384615385 0.5480769230769231 0.06370192307692307 0.07451923076923077
0 0.7367788461538461 0.38100961538461536 0.056490384615384616 0.0673076923076923
0 0.8016826923076923 0.39903846153846156 0.04807692307692308 0.054086538461538464
0 0.6514423076923077 0.6262019230769231 0.057692307692307696 0.09615384615384616
0 0.3605769230769231 0.9375 0.09014423076923077 0.1201923076923077
0 0.23798076923076922 0.625 0.07211538461538461 0.09375
0 0.125 0.8774038461538461 0.09014423076923077 0.1141826923076923
0 0.625 0.9831730769230769 0.09014423076923077 0.030048076923076924
1 0.5925480769230769 0.37740384615384615 0.08653846153846154 0.35216346153846156
1 0.7992788461538461 0.5540865384615384 0.07932692307692307 0.3545673076923077
1 0.7295673076923077 0.5661057692307693 0.06370192307692307 0.4338942307692308
1 0.6382211538461539 0.7704326923076923 0.11899038461538461 0.4074519230769231
1 0.7944711538461539 0.8545673076923077 0.1622596153846154 0.28725961538461536
1 0.8461538461538461 0.7151442307692307 0.08533653846153846 0.1875
1 0.6394230769230769 0.7632211538461539 0.11899038461538461 0.40865384615384615
1 0.4987980769230769 0.7860576923076923 0.11899038461538461 0.40865384615384615
1 0.4110576923076923 0.7259615384615384 0.07692307692307693 0.46875
1 0.23076923076923078 0.7800480769230769 0.13942307692307693 0.41225961538461536
1 0.12379807692307693 0.9050480769230769 0.12379807692307693 0.18629807692307693