0 0.18389423076923078 0.40384615384615385 0.09615384615384616 0.0829326923076923
0 0.037259615384615384 0.31009615384615385 0.06971153846153846 0.125
0 0.31490384615384615 0.5084134615384616 0.06610576923076923 0.0673076923076923
0 0.3737980769230769 0.5576923076923077 0.04326923076923077 0.06009615384615385
0 0.44711538461538464 0.59375 0.026442307692307692 0.027644230769230768
0 0.6622596153846154 0.5997596153846154 0.039663461538461536 0.039663461538461536
0 0.6947115384615384 0.5408653846153846 0.03365384615384615 0.027644230769230768
2 0.125 0.6790865384615384 0.1935096153846154 0.35697115384615385
2 0.2848557692307692 0.7163461538461539 0.10336538461538461 0.24278846153846154
2 0.3713942307692308 0.6875 0.06009615384615385 0.16466346153846154
2 0.4387019230769231 0.6911057692307693 0.056490384615384616 0.11298076923076923
2 0.6646634615384616 0.6995192307692307 0.06009615384615385 0.11057692307692307
2 0.7127403846153846 0.6394230769230769 0.055288461538461536 0.09014423076923077
1 0.02283653846153846 0.3918269230769231 0.04326923076923077 0.24759615384615385
1 0.14302884615384615 0.6658653846153846 0.14182692307692307 0.6322115384615384
1 0.28365384615384615 0.7235576923076923 0.11778846153846154 0.5024038461538461
1 0.3713942307692308 0.7439903846153846 0.042067307692307696 0.4074519230769231
1 0.4387019230769231 0.7608173076923077 0.08533653846153846 0.35697115384615385
1 0.6730769230769231 0.7920673076923077 0.10336538461538461 0.4050480769230769
1 0.7211538461538461 0.6899038461538461 0.08774038461538461 0.31009615384615385