0 0.14783653846153846 0.1201923076923077 0.11658653846153846 0.12620192307692307
0 0.3870192307692308 0.17427884615384615 0.11658653846153846 0.12259615384615384
0 0.6574519230769231 0.1778846153846154 0.13341346153846154 0.13221153846153846
0 0.8762019230769231 0.19471153846153846 0.15384615384615385 0.15504807692307693
1 0.13221153846153846 0.5300480769230769 0.24879807692307693 0.9387019230769231
1 0.38100961538461536 0.5769230769230769 0.24759615384615385 0.84375
1 0.6418269230769231 0.6033653846153846 0.23918269230769232 0.7920673076923077
1 0.8798076923076923 0.6021634615384616 0.21634615384615385 0.7944711538461539
2 0.12379807692307693 0.5492788461538461 0.24519230769230768 0.5180288461538461
2 0.37259615384615385 0.6069711538461539 0.22235576923076922 0.5096153846153846
2 0.6490384615384616 0.6262019230769231 0.22115384615384615 0.5516826923076923
2 0.8822115384615384 0.6850961538461539 0.2283653846153846 0.6286057692307693