0 0.014423076923076924 0.39663461538461536 0.026442307692307692 0.028846153846153848
0 0.1502403846153846 0.6069711538461539 0.02283653846153846 0.036057692307692304
0 0.20072115384615385 0.49038461538461536 0.025240384615384616 0.02403846153846154
0 0.2403846153846154 0.7439903846153846 0.028846153846153848 0.03365384615384615
0 0.5588942307692307 0.8930288461538461 0.021634615384615384 0.03125
0 0.6262019230769231 0.7632211538461539 0.025240384615384616 0.038461538461538464
0 0.9831730769230769 0.7415865384615384 0.030048076923076924 0.03365384615384615
1 0.040865384615384616 0.4567307692307692 0.078125 0.14302884615384615
1 0.2127403846153846 0.5084134615384616 0.0733173076923077 0.06490384615384616
1 0.17548076923076922 0.6153846153846154 0.08774038461538461 0.0673076923076923
1 0.25961538461538464 0.7848557692307693 0.0829326923076923 0.13341346153846154
1 0.6129807692307693 0.7860576923076923 0.056490384615384616 0.0985576923076923
1 0.5625 0.8954326923076923 0.038461538461538464 0.06490384615384616
1 0.9795673076923077 0.7548076923076923 0.037259615384615384 0.0985576923076923