0 0.23197115384615385 0.6225961538461539 0.025240384615384616 0.02283653846153846
0 0.3004807692307692 0.6081730769230769 0.02403846153846154 0.025240384615384616
0 0.32572115384615385 0.6346153846153846 0.019230769230769232 0.021634615384615384
0 0.38341346153846156 0.5853365384615384 0.021634615384615384 0.015625
0 0.453125 0.6033653846153846 0.030048076923076924 0.030048076923076924
0 0.5216346153846154 0.6322115384615384 0.025240384615384616 0.021634615384615384
0 0.5817307692307693 0.625 0.020432692307692308 0.02283653846153846
0 0.6310096153846154 0.6213942307692307 0.02283653846153846 0.030048076923076924
0 0.6875 0.6177884615384616 0.020432692307692308 0.018028846153846152
0 0.7644230769230769 0.5901442307692307 0.028846153846153848 0.037259615384615384
0 0.8978365384615384 0.609375 0.026442307692307692 0.025240384615384616
1 0.2283653846153846 0.7271634615384616 0.04567307692307692 0.23918269230769232
1 0.28966346153846156 0.7295673076923077 0.03485576923076923 0.2764423076923077
1 0.3233173076923077 0.7211538461538461 0.030048076923076924 0.18389423076923078
1 0.38341346153846156 0.7199519230769231 0.052884615384615384 0.2956730769230769
1 0.44471153846153844 0.7271634615384616 0.046875 0.27163461538461536
1 0.5204326923076923 0.7307692307692307 0.040865384615384616 0.22716346153846154
1 0.5793269230769231 0.7271634615384616 0.03485576923076923 0.2247596153846154
1 0.6322115384615384 0.7247596153846154 0.04567307692307692 0.23798076923076922
1 0.7007211538461539 0.7199519230769231 0.04447115384615385 0.2247596153846154
1 0.7680288461538461 0.7091346153846154 0.06009615384615385 0.28966346153846156
1 0.8990384615384616 0.71875 0.06370192307692307 0.25841346153846156