0 0.030048076923076924 0.38341346153846156 0.03125 0.026442307692307692
0 0.13341346153846154 0.2644230769230769 0.07451923076923077 0.078125
0 0.22235576923076922 0.41947115384615385 0.04927884615384615 0.0829326923076923
0 0.30408653846153844 0.39783653846153844 0.057692307692307696 0.06610576923076923
0 0.390625 0.375 0.055288461538461536 0.054086538461538464
0 0.4411057692307692 0.3713942307692308 0.036057692307692304 0.046875
0 0.6009615384615384 0.34975961538461536 0.027644230769230768 0.026442307692307692
0 0.6538461538461539 0.3629807692307692 0.026442307692307692 0.019230769230769232
0 0.4831730769230769 0.3701923076923077 0.03125 0.039663461538461536
0 0.5264423076923077 0.3605769230769231 0.03365384615384615 0.039663461538461536
0 0.5697115384615384 0.3473557692307692 0.026442307692307692 0.03245192307692308
0 0.7992788461538461 0.25 0.046875 0.04447115384615385
2 0.13822115384615385 0.5228365384615384 0.08413461538461539 0.2668269230769231
2 0.23197115384615385 0.5480769230769231 0.06850961538461539 0.1346153846153846
2 0.3161057692307692 0.5396634615384616 0.07692307692307693 0.15144230769230768
2 0.38822115384615385 0.5180288461538461 0.054086538461538464 0.14423076923076922
2 0.4423076923076923 0.4807692307692308 0.03365384615384615 0.12740384615384615
2 0.47836538461538464 0.4795673076923077 0.026442307692307692 0.11538461538461539
2 0.5288461538461539 0.4735576923076923 0.04567307692307692 0.13701923076923078
2 0.5685096153846154 0.4338942307692308 0.02403846153846154 0.0733173076923077
2 0.6009615384615384 0.421875 0.027644230769230768 0.0733173076923077
2 0.6466346153846154 0.4230769230769231 0.04927884615384615 0.07091346153846154
2 0.8112980769230769 0.39302884615384615 0.06370192307692307 0.16466346153846154
1 0.037259615384615384 0.43028846153846156 0.04447115384615385 0.14903846153846154
1 0.020432692307692308 0.5180288461538461 0.037259615384615384 0.4879807692307692
1 0.14423076923076922 0.5901442307692307 0.10216346153846154 0.7151442307692307
1 0.24639423076923078 0.5480769230769231 0.09615384615384616 0.3112980769230769
1 0.3245192307692308 0.5973557692307693 0.11298076923076923 0.41466346153846156
1 0.3954326923076923 0.4951923076923077 0.06850961538461539 0.29927884615384615
1 0.44711538461538464 0.5228365384615384 0.036057692307692304 0.33533653846153844
1 0.48677884615384615 0.45913461538461536 0.037259615384615384 0.23317307692307693
1 0.53125 0.4675480769230769 0.04567307692307692 0.2548076923076923
1 0.5733173076923077 0.43509615384615385 0.039663461538461536 0.203125
1 0.6057692307692307 0.42788461538461536 0.046875 0.18870192307692307
1 0.6646634615384616 0.4567307692307692 0.08413461538461539 0.25240384615384615
1 0.8401442307692307 0.4423076923076923 0.15865384615384615 0.4579326923076923