0 0.19110576923076922 0.234375 0.014423076923076924 0.01201923076923077
0 0.4170673076923077 0.2860576923076923 0.025240384615384616 0.02403846153846154
0 0.2776442307692308 0.32091346153846156 0.02283653846153846 0.02403846153846154
0 0.21875 0.3581730769230769 0.026442307692307692 0.018028846153846152
2 0.39903846153846156 0.3701923076923077 0.04567307692307692 0.09014423076923077
2 0.2764423076923077 0.3894230769230769 0.03485576923076923 0.07451923076923077
2 0.20793269230769232 0.40625 0.03365384615384615 0.06971153846153846
2 0.19230769230769232 0.2704326923076923 0.015625 0.037259615384615384
1 0.4182692307692308 0.41225961538461536 0.08413461538461539 0.2824519230769231
1 0.27524038461538464 0.41346153846153844 0.05889423076923077 0.21394230769230768
1 0.21514423076923078 0.41947115384615385 0.04927884615384615 0.15504807692307693
1 0.1935096153846154 0.265625 0.02283653846153846 0.08052884615384616
1 0.12860576923076922 0.2848557692307692 0.03485576923076923 0.046875
0 0.8581730769230769 0.25600961538461536 0.04326923076923077 0.03365384615384615
2 0.8822115384615384 0.375 0.057692307692307696 0.14302884615384615
1 0.8798076923076923 0.41346153846153844 0.09495192307692307 0.3557692307692308