0 0.6490384615384616 0.5060096153846154 0.036057692307692304 0.039663461538461536
0 0.5492788461538461 0.5 0.040865384615384616 0.039663461538461536
0 0.47115384615384615 0.5324519230769231 0.04326923076923077 0.038461538461538464
0 0.38221153846153844 0.47475961538461536 0.040865384615384616 0.04567307692307692
0 0.29086538461538464 0.5012019230769231 0.04567307692307692 0.037259615384615384
1 0.28125 0.71875 0.08774038461538461 0.4699519230769231
1 0.3762019230769231 0.6923076923076923 0.09735576923076923 0.47596153846153844
1 0.4675480769230769 0.7175480769230769 0.07692307692307693 0.4110576923076923
1 0.5588942307692307 0.6959134615384616 0.11538461538461539 0.4362980769230769
1 0.6550480769230769 0.6947115384615384 0.12740384615384615 0.4170673076923077
2 0.2824519230769231 0.6466346153846154 0.08533653846153846 0.17307692307692307
2 0.38341346153846156 0.6009615384615384 0.0889423076923077 0.14903846153846154
2 0.4651442307692308 0.65625 0.06490384615384616 0.1502403846153846
2 0.6502403846153846 0.6189903846153846 0.08173076923076923 0.13822115384615385