0 0.32572115384615385 0.7572115384615384 0.08173076923076923 0.039663461538461536
0 0.4639423076923077 0.6802884615384616 0.08413461538461539 0.06009615384615385
0 0.09254807692307693 0.6935096153846154 0.08774038461538461 0.0625
0 0.7956730769230769 0.5456730769230769 0.08413461538461539 0.0625
0 0.9675480769230769 0.6009615384615384 0.05889423076923077 0.052884615384615384
2 0.3245192307692308 0.8689903846153846 0.12980769230769232 0.13701923076923078
1 0.09375 0.8173076923076923 0.1814903846153846 0.3245192307692308
1 0.3112980769230769 0.8617788461538461 0.17548076923076922 0.27283653846153844
1 0.46634615384615385 0.8161057692307693 0.17908653846153846 0.3629807692307692
1 0.8197115384615384 0.7043269230769231 0.13942307692307693 0.3473557692307692
1 0.9290865384615384 0.6923076923076923 0.11658653846153846 0.2704326923076923