0 0.3798076923076923 0.3545673076923077 0.030048076923076924 0.038461538461538464
0 0.7728365384615384 0.3425480769230769 0.03365384615384615 0.038461538461538464
0 0.09014423076923077 0.5997596153846154 0.025240384615384616 0.042067307692307696
1 0.21995192307692307 0.6129807692307693 0.05048076923076923 0.20793269230769232
1 0.27884615384615385 0.5625 0.06129807692307692 0.22355769230769232
1 0.4170673076923077 0.7463942307692307 0.078125 0.1466346153846154
1 0.6430288461538461 0.8677884615384616 0.046875 0.1466346153846154
1 0.8990384615384616 0.7367788461538461 0.04927884615384615 0.23798076923076922
1 0.7920673076923077 0.41225961538461536 0.06610576923076923 0.18509615384615385
1 0.7355769230769231 0.34375 0.04807692307692308 0.21514423076923078
1 0.3737980769230769 0.4387019230769231 0.055288461538461536 0.1778846153846154
1 0.10216346153846154 0.6899038461538461 0.06370192307692307 0.24879807692307693