0 0.20192307692307693 0.3233173076923077 0.0673076923076923 0.0829326923076923
0 0.2800480769230769 0.17307692307692307 0.038461538461538464 0.04326923076923077
0 0.3137019230769231 0.18629807692307693 0.030048076923076924 0.03125
0 0.43028846153846156 0.20432692307692307 0.030048076923076924 0.03485576923076923
0 0.5096153846153846 0.1971153846153846 0.03245192307692308 0.03125
0 0.5300480769230769 0.2692307692307692 0.0625 0.06850961538461539
0 0.7560096153846154 0.20552884615384615 0.028846153846153848 0.03365384615384615
0 0.8665865384615384 0.1778846153846154 0.021634615384615384 0.025240384615384616
0 0.9495192307692307 0.21634615384615385 0.028846153846153848 0.03485576923076923
1 0.9519230769230769 0.3004807692307692 0.04927884615384615 0.19831730769230768
1 0.8461538461538461 0.28846153846153844 0.05889423076923077 0.2403846153846154
1 0.7427884615384616 0.3137019230769231 0.08052884615384616 0.24879807692307693
1 0.4987980769230769 0.24879807692307693 0.04447115384615385 0.12620192307692307
1 0.5456730769230769 0.49759615384615385 0.12740384615384615 0.5216346153846154
1 0.4206730769230769 0.33774038461538464 0.07572115384615384 0.2980769230769231
1 0.3233173076923077 0.3137019230769231 0.054086538461538464 0.28365384615384615
1 0.27163461538461536 0.28125 0.04567307692307692 0.25
1 0.1346153846153846 0.5661057692307693 0.2127403846153846 0.6466346153846154
1 0.31850961538461536 0.13942307692307693 0.018028846153846152 0.039663461538461536
2 0.15384615384615385 0.4831730769230769 0.14903846153846154 0.3233173076923077
2 0.8521634615384616 0.2439903846153846 0.04927884615384615 0.0985576923076923
2 0.9543269230769231 0.27283653846153844 0.04326923076923077 0.08533653846153846
2 0.7427884615384616 0.28725961538461536 0.057692307692307696 0.09975961538461539
2 0.4951923076923077 0.26802884615384615 0.03245192307692308 0.0733173076923077
2 0.421875 0.2980769230769231 0.06610576923076923 0.11538461538461539
2 0.27524038461538464 0.2764423076923077 0.051682692307692304 0.11298076923076923
2 0.31971153846153844 0.27524038461538464 0.056490384615384616 0.11658653846153846