0 0.28365384615384615 0.3137019230769231 0.02283653846153846 0.02403846153846154
0 0.42427884615384615 0.19471153846153846 0.018028846153846152 0.021634615384615384
0 0.6490384615384616 0.3425480769230769 0.019230769230769232 0.019230769230769232
0 0.9278846153846154 0.6009615384615384 0.025240384615384616 0.036057692307692304
0 0.5096153846153846 0.3473557692307692 0.018028846153846152 0.020432692307692308
0 0.5432692307692307 0.3737980769230769 0.014423076923076924 0.014423076923076924
0 0.5769230769230769 0.3641826923076923 0.018028846153846152 0.026442307692307692
0 0.5276442307692307 0.36538461538461536 0.016826923076923076 0.025240384615384616
1 0.2848557692307692 0.375 0.056490384615384616 0.15985576923076922
1 0.42908653846153844 0.26802884615384615 0.04447115384615385 0.17067307692307693
1 0.5 0.3942307692307692 0.028846153846153848 0.12620192307692307
1 0.5745192307692307 0.4182692307692308 0.03485576923076923 0.13341346153846154
1 0.5240384615384616 0.4230769230769231 0.02403846153846154 0.13341346153846154
1 0.546875 0.4326923076923077 0.018028846153846152 0.140625
1 0.65625 0.41346153846153844 0.04447115384615385 0.16706730769230768
1 0.9254807692307693 0.6730769230769231 0.051682692307692304 0.19951923076923078