2 0.1310096153846154 0.3737980769230769 0.08173076923076923 0.1141826923076923
2 0.2920673076923077 0.36899038461538464 0.06009615384615385 0.09254807692307693
2 0.43028846153846156 0.3894230769230769 0.1346153846153846 0.19471153846153846
2 0.671875 0.40625 0.14182692307692307 0.21875
2 0.8545673076923077 0.4170673076923077 0.171875 0.15985576923076922
1 0.03485576923076923 0.4423076923076923 0.06850961538461539 0.328125
1 0.12259615384615384 0.44350961538461536 0.10096153846153846 0.36658653846153844
1 0.21514423076923078 0.40384615384615385 0.054086538461538464 0.19471153846153846
1 0.2848557692307692 0.42908653846153844 0.0829326923076923 0.3088942307692308
1 0.4362980769230769 0.5564903846153846 0.17307692307692307 0.7680288461538461
1 0.6670673076923077 0.5252403846153846 0.15745192307692307 0.6971153846153846
1 0.8509615384615384 0.6009615384615384 0.21394230769230768 0.7932692307692307