0 0.47475961538461536 0.0673076923076923 0.09014423076923077 0.06850961538461539
0 0.8004807692307693 0.1502403846153846 0.057692307692307696 0.06009615384615385
0 0.8990384615384616 0.11177884615384616 0.05048076923076923 0.05048076923076923
0 0.6574519230769231 0.15384615384615385 0.04567307692307692 0.03245192307692308
0 0.43149038461538464 0.16346153846153846 0.030048076923076924 0.038461538461538464
0 0.36658653846153844 0.1466346153846154 0.026442307692307692 0.030048076923076924
0 0.3293269230769231 0.15264423076923078 0.038461538461538464 0.04807692307692308
0 0.28365384615384615 0.171875 0.027644230769230768 0.03245192307692308
0 0.22115384615384615 0.17067307692307693 0.014423076923076924 0.018028846153846152
0 0.234375 0.16466346153846154 0.01201923076923077 0.018028846153846152
0 0.20432692307692307 0.17307692307692307 0.015625 0.018028846153846152
0 0.19230769230769232 0.1622596153846154 0.02403846153846154 0.018028846153846152
0 0.12860576923076922 0.13822115384615385 0.03365384615384615 0.042067307692307696
0 0.08533653846153846 0.16947115384615385 0.026442307692307692 0.03245192307692308
0 0.06850961538461539 0.15985576923076922 0.015625 0.03245192307692308
2 0.9122596153846154 0.25 0.09615384615384616 0.19471153846153846
2 0.8125 0.3112980769230769 0.11658653846153846 0.1971153846153846
2 0.6670673076923077 0.28125 0.09014423076923077 0.16706730769230768
2 0.4675480769230769 0.35216346153846156 0.16826923076923078 0.3329326923076923
2 0.3449519230769231 0.24879807692307693 0.0625 0.13221153846153846
2 0.28365384615384615 0.22956730769230768 0.04807692307692308 0.08653846153846154
2 0.2247596153846154 0.22596153846153846 0.05048076923076923 0.08653846153846154
2 0.18870192307692307 0.2127403846153846 0.026442307692307692 0.054086538461538464
1 0.9122596153846154 0.33653846153846156 0.08413461538461539 0.49399038461538464
1 0.8112980769230769 0.36538461538461536 0.1141826923076923 0.49158653846153844
1 0.6622596153846154 0.3161057692307692 0.08774038461538461 0.3798076923076923
1 0.4735576923076923 0.49399038461538464 0.18629807692307693 0.8918269230769231
1 0.34615384615384615 0.28125 0.06850961538461539 0.26322115384615385
1 0.2824519230769231 0.25240384615384615 0.06009615384615385 0.19471153846153846
1 0.2283653846153846 0.25240384615384615 0.04807692307692308 0.20072115384615385
1 0.1875 0.21754807692307693 0.038461538461538464 0.16466346153846154
1 0.13341346153846154 0.30288461538461536 0.06971153846153846 0.359375
1 0.08413461538461539 0.23798076923076922 0.04447115384615385 0.18870192307692307