0 0.3425480769230769 0.5264423076923077 0.03485576923076923 0.028846153846153848
0 0.3329326923076923 0.8137019230769231 0.04447115384615385 0.018028846153846152
0 0.26322115384615385 0.8173076923076923 0.051682692307692304 0.021634615384615384
0 0.6129807692307693 0.7355769230769231 0.040865384615384616 0.030048076923076924
0 0.7223557692307693 0.7632211538461539 0.03125 0.03365384615384615
0 0.5877403846153846 0.7872596153846154 0.03365384615384615 0.02403846153846154
1 0.3125 0.5733173076923077 0.09254807692307693 0.12620192307692307
1 0.2668269230769231 0.8641826923076923 0.07572115384615384 0.1045673076923077
1 0.35336538461538464 0.8569711538461539 0.078125 0.10576923076923077
1 0.5829326923076923 0.8185096153846154 0.046875 0.07692307692307693
1 0.609375 0.7475961538461539 0.0889423076923077 0.05048076923076923
1 0.7584134615384616 0.828125 0.11177884615384616 0.17427884615384615