0 0.8810096153846154 0.31850961538461536 0.08413461538461539 0.10216346153846154
0 0.6802884615384616 0.3245192307692308 0.10336538461538461 0.09495192307692307
0 0.5288461538461539 0.21514423076923078 0.11298076923076923 0.0889423076923077
0 0.3473557692307692 0.29927884615384615 0.07692307692307693 0.09254807692307693
0 0.18389423076923078 0.1346153846153846 0.109375 0.09615384615384616
2 0.8774038461538461 0.7199519230769231 0.19471153846153846 0.4795673076923077
2 0.6935096153846154 0.6538461538461539 0.14423076923076922 0.375
2 0.35096153846153844 0.5949519230769231 0.18389423076923078 0.3293269230769231
2 0.1658653846153846 0.4543269230769231 0.13581730769230768 0.39302884615384615
1 0.8930288461538461 0.6298076923076923 0.19471153846153846 0.7307692307692307
1 0.6790865384615384 0.6105769230769231 0.12139423076923077 0.7019230769230769
1 0.5192307692307693 0.5637019230769231 0.16947115384615385 0.8317307692307693
1 0.3389423076923077 0.609375 0.1622596153846154 0.7127403846153846
1 0.13822115384615385 0.5288461538461539 0.16706730769230768 0.8954326923076923