0 0.2608173076923077 0.33052884615384615 0.10336538461538461 0.13581730769230768
0 0.5360576923076923 0.3161057692307692 0.08653846153846154 0.08533653846153846
0 0.4026442307692308 0.390625 0.09134615384615384 0.09134615384615384
0 0.7115384615384616 0.3581730769230769 0.09975961538461539 0.0889423076923077
1 0.7764423076923077 0.6550480769230769 0.21153846153846154 0.6850961538461539
1 0.5709134615384616 0.6394230769230769 0.21394230769230768 0.7163461538461539
1 0.3762019230769231 0.6766826923076923 0.16706730769230768 0.6454326923076923
1 0.19110576923076922 0.6382211538461539 0.23317307692307693 0.71875
2 0.17548076923076922 0.5997596153846154 0.17307692307692307 0.43509615384615385
2 0.3762019230769231 0.671875 0.1502403846153846 0.35697115384615385
2 0.5649038461538461 0.5925480769230769 0.1622596153846154 0.35216346153846156
2 0.7764423076923077 0.6514423076923077 0.1778846153846154 0.390625