0 0.7752403846153846 0.055288461538461536 0.08533653846153846 0.109375
0 0.46153846153846156 0.42908653846153844 0.07692307692307693 0.12620192307692307
0 0.4014423076923077 0.06850961538461539 0.07932692307692307 0.1141826923076923
0 0.5733173076923077 0.12259615384615384 0.03245192307692308 0.03245192307692308
0 0.17668269230769232 0.14783653846153846 0.039663461538461536 0.0733173076923077
0 0.6382211538461539 0.16947115384615385 0.028846153846153848 0.036057692307692304
1 0.8149038461538461 0.4375 0.18028846153846154 0.8725961538461539
1 0.3713942307692308 0.5709134615384616 0.2692307692307692 0.4026442307692308
1 0.38461538461538464 0.24158653846153846 0.16706730769230768 0.4567307692307692
1 0.578125 0.19230769230769232 0.07211538461538461 0.17908653846153846
1 0.6478365384615384 0.19110576923076922 0.06370192307692307 0.0889423076923077
1 0.18028846153846154 0.21033653846153846 0.055288461538461536 0.17548076923076922
1 0.17307692307692307 0.16105769230769232 0.1466346153846154 0.32091346153846156