0 0.49278846153846156 0.5721153846153846 0.03125 0.03365384615384615
0 0.5793269230769231 0.5456730769230769 0.051682692307692304 0.02403846153846154
0 0.6430288461538461 0.5480769230769231 0.038461538461538464 0.018028846153846152
0 0.6322115384615384 0.5709134615384616 0.038461538461538464 0.019230769230769232
0 0.7295673076923077 0.5600961538461539 0.046875 0.019230769230769232
2 0.45552884615384615 0.5901442307692307 0.052884615384615384 0.03485576923076923
2 0.6586538461538461 0.6370192307692307 0.0985576923076923 0.07692307692307693
2 0.7524038461538461 0.6021634615384616 0.08173076923076923 0.04326923076923077
1 0.4495192307692308 0.6129807692307693 0.09495192307692307 0.11778846153846154
1 0.5745192307692307 0.5697115384615384 0.039663461538461536 0.09495192307692307
1 0.6526442307692307 0.6730769230769231 0.07451923076923077 0.21634615384615385
1 0.7536057692307693 0.6237980769230769 0.09495192307692307 0.17067307692307693