0 0.14903846153846154 0.3317307692307692 0.11899038461538461 0.11177884615384616
0 0.515625 0.3137019230769231 0.12860576923076922 0.15264423076923078
0 0.18389423076923078 0.46875 0.0673076923076923 0.06610576923076923
0 0.8846153846153846 0.23317307692307693 0.20552884615384615 0.14182692307692307
0 0.671875 0.23798076923076922 0.1310096153846154 0.12980769230769232
0 0.38221153846153844 0.33052884615384615 0.10336538461538461 0.11298076923076923
0 0.2920673076923077 0.39302884615384615 0.08413461538461539 0.078125
1 0.10216346153846154 0.6286057692307693 0.203125 0.7259615384615384
1 0.20072115384615385 0.6947115384615384 0.078125 0.5264423076923077
1 0.5084134615384616 0.6165865384615384 0.2536057692307692 0.7620192307692307
1 0.7115384615384616 0.5793269230769231 0.20432692307692307 0.8353365384615384
1 0.8978365384615384 0.5817307692307693 0.19951923076923078 0.8269230769230769
1 0.35697115384615385 0.6418269230769231 0.17307692307692307 0.7115384615384616
1 0.2824519230769231 0.6730769230769231 0.10817307692307693 0.6334134615384616
2 0.71875 0.5949519230769231 0.20192307692307693 0.4098557692307692
2 0.9134615384615384 0.6923076923076923 0.171875 0.5853365384615384