0 0.15745192307692307 0.3317307692307692 0.046875 0.04567307692307692
0 0.24759615384615385 0.39663461538461536 0.04326923076923077 0.04447115384615385
0 0.3449519230769231 0.4050480769230769 0.04447115384615385 0.038461538461538464
0 0.4387019230769231 0.4050480769230769 0.04326923076923077 0.039663461538461536
0 0.5240384615384616 0.43149038461538464 0.042067307692307696 0.04567307692307692
0 0.5877403846153846 0.3942307692307692 0.038461538461538464 0.04447115384615385
0 0.6802884615384616 0.4074519230769231 0.038461538461538464 0.03485576923076923
0 0.7548076923076923 0.3858173076923077 0.040865384615384616 0.042067307692307696
0 0.8545673076923077 0.36177884615384615 0.042067307692307696 0.04447115384615385
1 0.8701923076923077 0.6262019230769231 0.0985576923076923 0.5721153846153846
1 0.7680288461538461 0.640625 0.09735576923076923 0.5516826923076923
1 0.6850961538461539 0.6490384615384616 0.08052884615384616 0.5168269230769231
1 0.5985576923076923 0.6394230769230769 0.08413461538461539 0.5288461538461539
1 0.5204326923076923 0.6574519230769231 0.0673076923076923 0.5012019230769231
1 0.4375 0.6454326923076923 0.09134615384615384 0.5252403846153846
1 0.3401442307692308 0.6502403846153846 0.08653846153846154 0.5240384615384616
1 0.24759615384615385 0.6478365384615384 0.10697115384615384 0.5552884615384616
1 0.14903846153846154 0.6117788461538461 0.10697115384615384 0.6117788461538461
2 0.14543269230769232 0.5084134615384616 0.09975961538461539 0.203125
2 0.23918269230769232 0.5625 0.09134615384615384 0.21875
2 0.33413461538461536 0.578125 0.09134615384615384 0.203125
2 0.43509615384615385 0.5576923076923077 0.0889423076923077 0.171875
2 0.5204326923076923 0.5997596153846154 0.0625 0.21394230769230768
2 0.5961538461538461 0.5408653846153846 0.09735576923076923 0.15985576923076922
2 0.6887019230769231 0.5673076923076923 0.078125 0.19471153846153846
2 0.765625 0.5480769230769231 0.09254807692307693 0.20552884615384615
2 0.8641826923076923 0.5216346153846154 0.08413461538461539 0.21514423076923078