0 0.2848557692307692 0.3858173076923077 0.15264423076923078 0.12259615384615384
0 0.5276442307692307 0.4735576923076923 0.0673076923076923 0.07091346153846154
0 0.8786057692307693 0.47115384615384615 0.057692307692307696 0.06009615384615385
0 0.78125 0.49038461538461536 0.027644230769230768 0.04326923076923077
0 0.5853365384615384 0.5985576923076923 0.039663461538461536 0.051682692307692304
0 0.46033653846153844 0.5132211538461539 0.02403846153846154 0.02403846153846154
0 0.49278846153846156 0.49759615384615385 0.018028846153846152 0.02403846153846154
0 0.36538461538461536 0.45072115384615385 0.05048076923076923 0.051682692307692304
0 0.4014423076923077 0.4987980769230769 0.027644230769230768 0.03245192307692308
0 0.04927884615384615 0.48197115384615385 0.046875 0.04927884615384615
1 0.04567307692307692 0.6394230769230769 0.06129807692307692 0.36778846153846156
1 0.15625 0.7139423076923077 0.12379807692307693 0.5673076923076923
1 0.2800480769230769 0.625 0.23317307692307693 0.7439903846153846
1 0.53125 0.703125 0.08413461538461539 0.5889423076923077
1 0.9158653846153846 0.7175480769230769 0.14182692307692307 0.5528846153846154
1 0.6995192307692307 0.7439903846153846 0.13581730769230768 0.5012019230769231
1 0.46033653846153844 0.6346153846153846 0.038461538461538464 0.2776442307692308
1 0.40865384615384615 0.6117788461538461 0.052884615384615384 0.2920673076923077