0 0.018028846153846152 0.234375 0.03125 0.04807692307692308
0 0.1346153846153846 0.48197115384615385 0.06129807692307692 0.09735576923076923
0 0.2668269230769231 0.44350961538461536 0.052884615384615384 0.09495192307692307
0 0.3269230769230769 0.20552884615384615 0.039663461538461536 0.03485576923076923
0 0.42427884615384615 0.24278846153846154 0.04807692307692308 0.05048076923076923
0 0.5288461538461539 0.24519230769230768 0.042067307692307696 0.039663461538461536
0 0.8064903846153846 0.24639423076923078 0.06370192307692307 0.0673076923076923
2 0.019230769230769232 0.41225961538461536 0.03485576923076923 0.1875
2 0.08653846153846154 0.5625 0.0733173076923077 0.09735576923076923
2 0.2127403846153846 0.49278846153846156 0.04447115384615385 0.11778846153846154
2 0.34134615384615385 0.3557692307692308 0.04326923076923077 0.1658653846153846
2 0.40625 0.38822115384615385 0.046875 0.17067307692307693
2 0.5420673076923077 0.3954326923076923 0.03365384615384615 0.17067307692307693
2 0.8221153846153846 0.43990384615384615 0.09014423076923077 0.2127403846153846
1 0.03125 0.453125 0.06009615384615385 0.4807692307692308
1 0.1141826923076923 0.6141826923076923 0.13822115384615385 0.3713942307692308
1 0.23677884615384615 0.5757211538461539 0.11298076923076923 0.3581730769230769
1 0.3293269230769231 0.4170673076923077 0.07211538461538461 0.4639423076923077
1 0.40384615384615385 0.4675480769230769 0.07211538461538461 0.4987980769230769
1 0.5264423076923077 0.3858173076923077 0.06009615384615385 0.32091346153846156
1 0.8197115384615384 0.5216346153846154 0.10336538461538461 0.5961538461538461