0 0.7367788461538461 0.2824519230769231 0.13221153846153846 0.14783653846153846
0 0.5721153846153846 0.2548076923076923 0.08653846153846154 0.11778846153846154
0 0.4266826923076923 0.2668269230769231 0.057692307692307696 0.09014423076923077
0 0.3557692307692308 0.24519230769230768 0.09615384615384616 0.13942307692307693
0 0.26322115384615385 0.13701923076923078 0.1310096153846154 0.19471153846153846
1 0.8185096153846154 0.5913461538461539 0.24639423076923078 0.7956730769230769
1 0.5721153846153846 0.4423076923076923 0.1971153846153846 0.4879807692307692
1 0.19831730769230768 0.5192307692307693 0.23798076923076922 0.9591346153846154
1 0.32572115384615385 0.5877403846153846 0.15985576923076922 0.8064903846153846
1 0.4326923076923077 0.4362980769230769 0.0829326923076923 0.4375
1 0.027644230769230768 0.47115384615384615 0.04927884615384615 0.9375