0 0.7475961538461539 0.5348557692307693 0.06370192307692307 0.056490384615384616
0 0.6658653846153846 0.5072115384615384 0.06370192307692307 0.06370192307692307
0 0.5925480769230769 0.4639423076923077 0.06009615384615385 0.052884615384615384
0 0.4254807692307692 0.5192307692307693 0.06850961538461539 0.05048076923076923
0 0.5144230769230769 0.45072115384615385 0.06009615384615385 0.05889423076923077
2 0.40865384615384615 0.6838942307692307 0.10576923076923077 0.19471153846153846
2 0.5144230769230769 0.6634615384615384 0.1201923076923077 0.234375
2 0.5949519230769231 0.6538461538461539 0.08173076923076923 0.20793269230769232
2 0.6766826923076923 0.6730769230769231 0.08653846153846154 0.19951923076923078
2 0.765625 0.7019230769230769 0.08774038461538461 0.2127403846153846
1 0.40625 0.7415865384615384 0.11658653846153846 0.5072115384615384
1 0.5120192307692307 0.7043269230769231 0.09254807692307693 0.5649038461538461
1 0.5913461538461539 0.7091346153846154 0.08173076923076923 0.5709134615384616
1 0.6838942307692307 0.7307692307692307 0.11177884615384616 0.5228365384615384
1 0.7644230769230769 0.7403846153846154 0.10817307692307693 0.5144230769230769