0 0.1875 0.47596153846153844 0.05889423076923077 0.04807692307692308
0 0.33413461538461536 0.4579326923076923 0.056490384615384616 0.042067307692307696
0 0.5444711538461539 0.5228365384615384 0.03485576923076923 0.025240384615384616
0 0.6021634615384616 0.5372596153846154 0.036057692307692304 0.038461538461538464
0 0.671875 0.5540865384615384 0.036057692307692304 0.03245192307692308
0 0.7079326923076923 0.5264423076923077 0.03125 0.027644230769230768
0 0.9387019230769231 0.5492788461538461 0.020432692307692308 0.018028846153846152
0 0.9579326923076923 0.5925480769230769 0.018028846153846152 0.015625
2 0.19471153846153846 0.6658653846153846 0.07932692307692307 0.2127403846153846
2 0.9699519230769231 0.6225961538461539 0.026442307692307692 0.036057692307692304
2 0.9603365384615384 0.5745192307692307 0.021634615384615384 0.020432692307692308
0 0.3317307692307692 0.4014423076923077 0.010817307692307692 0.013221153846153846
1 0.35096153846153844 0.42788461538461536 0.02403846153846154 0.021634615384615384
1 0.3317307692307692 0.40625 0.020432692307692308 0.028846153846153848
1 0.19831730769230768 0.7139423076923077 0.13221153846153846 0.5576923076923077
1 0.3425480769230769 0.6706730769230769 0.08774038461538461 0.46634615384615385
1 0.5516826923076923 0.6502403846153846 0.0673076923076923 0.2776442307692308
1 0.625 0.6490384615384616 0.0829326923076923 0.25600961538461536
1 0.6887019230769231 0.6045673076923077 0.06370192307692307 0.13822115384615385
1 0.7247596153846154 0.578125 0.04807692307692308 0.12860576923076922
1 0.9507211538461539 0.5612980769230769 0.051682692307692304 0.04807692307692308
1 0.9663461538461539 0.625 0.04567307692307692 0.07692307692307693