0 0.7043269230769231 0.17908653846153846 0.1201923076923077 0.09375
0 0.16947115384615385 0.30528846153846156 0.09375 0.11177884615384616
0 0.5204326923076923 0.2860576923076923 0.07451923076923077 0.0733173076923077
0 0.6538461538461539 0.23317307692307693 0.04807692307692308 0.0673076923076923
2 0.18990384615384615 0.578125 0.18389423076923078 0.3401442307692308
2 0.4519230769230769 0.46033653846153844 0.15985576923076922 0.20552884615384615
2 0.7319711538461539 0.4651442307692308 0.18389423076923078 0.2956730769230769
1 0.1875 0.5889423076923077 0.18629807692307693 0.6622596153846154
1 0.4675480769230769 0.49158653846153844 0.1935096153846154 0.4891826923076923
1 0.7295673076923077 0.38221153846153844 0.1875 0.5012019230769231
1 0.6322115384615384 0.3870192307692308 0.09975961538461539 0.38100961538461536