0 0.18269230769230768 0.22355769230769232 0.1310096153846154 0.13341346153846154
0 0.49399038461538464 0.17668269230769232 0.1310096153846154 0.13341346153846154
0 0.3317307692307692 0.20192307692307693 0.1310096153846154 0.13341346153846154
0 0.6225961538461539 0.20432692307692307 0.1310096153846154 0.13341346153846154
0 0.7800480769230769 0.14783653846153846 0.1310096153846154 0.13341346153846154
1 0.16105769230769232 0.5709134615384616 0.18990384615384615 0.8149038461538461
1 0.31971153846153844 0.5348557692307693 0.18990384615384615 0.8149038461538461
1 0.46274038461538464 0.5264423076923077 0.18990384615384615 0.8149038461538461
1 0.6286057692307693 0.5348557692307693 0.18990384615384615 0.8149038461538461
1 0.7884615384615384 0.4963942307692308 0.18990384615384615 0.8149038461538461
1 0.7872596153846154 0.49278846153846156 0.18990384615384615 0.8149038461538461