0 0.1346153846153846 0.19831730769230768 0.06370192307692307 0.06009615384615385
0 0.30288461538461536 0.21634615384615385 0.054086538461538464 0.054086538461538464
0 0.21153846153846154 0.2512019230769231 0.06370192307692307 0.06009615384615385
0 0.3786057692307692 0.24158653846153846 0.054086538461538464 0.054086538461538464
0 0.4891826923076923 0.25240384615384615 0.054086538461538464 0.054086538461538464
0 0.5961538461538461 0.30528846153846156 0.054086538461538464 0.054086538461538464
0 0.7283653846153846 0.23918269230769232 0.054086538461538464 0.054086538461538464
0 0.8197115384615384 0.25240384615384615 0.0733173076923077 0.06370192307692307
2 0.22235576923076922 0.45913461538461536 0.09975961538461539 0.234375
2 0.125 0.39783653846153844 0.09495192307692307 0.21875
2 0.30288461538461536 0.4014423076923077 0.06971153846153846 0.203125
2 0.3762019230769231 0.43990384615384615 0.09254807692307693 0.21875
2 0.49399038461538464 0.43028846153846156 0.08653846153846154 0.20192307692307693
2 0.6033653846153846 0.4987980769230769 0.08653846153846154 0.2283653846153846
2 0.7283653846153846 0.4206730769230769 0.1141826923076923 0.19951923076923078
2 0.8305288461538461 0.45072115384615385 0.12259615384615384 0.21875
1 0.125 0.5264423076923077 0.10576923076923077 0.6911057692307693
1 0.21634615384615385 0.5432692307692307 0.0985576923076923 0.6478365384615384
1 0.30408653846153844 0.5096153846153846 0.0733173076923077 0.6382211538461539
1 0.3798076923076923 0.53125 0.1045673076923077 0.6274038461538461
1 0.4951923076923077 0.5288461538461539 0.11538461538461539 0.6069711538461539
1 0.6081730769230769 0.5721153846153846 0.10216346153846154 0.5901442307692307
1 0.7259615384615384 0.5252403846153846 0.11538461538461539 0.6225961538461539
1 0.8401442307692307 0.5661057692307693 0.15625 0.6754807692307693