0 0.16346153846153846 0.21634615384615385 0.06610576923076923 0.0673076923076923
0 0.30528846153846156 0.6358173076923077 0.06129807692307692 0.08774038461538461
0 0.5432692307692307 0.1814903846153846 0.06490384615384616 0.0889423076923077
0 0.6959134615384616 0.4014423076923077 0.0673076923076923 0.07211538461538461
2 0.15264423076923078 0.3088942307692308 0.08413461538461539 0.10697115384615384
2 0.2956730769230769 0.7271634615384616 0.08413461538461539 0.13221153846153846
2 0.5985576923076923 0.17548076923076922 0.07692307692307693 0.10817307692307693
2 0.7932692307692307 0.4362980769230769 0.11298076923076923 0.13942307692307693
1 0.1658653846153846 0.3473557692307692 0.11177884615384616 0.3317307692307692
1 0.2980769230769231 0.7307692307692307 0.11538461538461539 0.27524038461538464
1 0.5649038461538461 0.24278846153846154 0.1502403846153846 0.23918269230769232
1 0.7560096153846154 0.5252403846153846 0.19591346153846154 0.32211538461538464