0 0.9050480769230769 0.3088942307692308 0.057692307692307696 0.06009615384615385
0 0.8245192307692307 0.3485576923076923 0.07211538461538461 0.06610576923076923
0 0.671875 0.30288461538461536 0.06370192307692307 0.06009615384615385
0 0.4807692307692308 0.3545673076923077 0.054086538461538464 0.08413461538461539
0 0.37740384615384615 0.390625 0.051682692307692304 0.10216346153846154
0 0.1814903846153846 0.39783653846153844 0.06971153846153846 0.08052884615384616
0 0.21394230769230768 0.3004807692307692 0.056490384615384616 0.054086538461538464
1 0.9350961538461539 0.5408653846153846 0.08653846153846154 0.5228365384615384
1 0.8473557692307693 0.6394230769230769 0.13822115384615385 0.6670673076923077
1 0.6935096153846154 0.5685096153846154 0.11778846153846154 0.5973557692307693
1 0.5012019230769231 0.5829326923076923 0.14182692307692307 0.5588942307692307
1 0.328125 0.6129807692307693 0.13581730769230768 0.5528846153846154
1 0.15745192307692307 0.5228365384615384 0.1045673076923077 0.3245192307692308
1 0.21394230769230768 0.41947115384615385 0.09254807692307693 0.3269230769230769