0 0.4675480769230769 0.6706730769230769 0.020432692307692308 0.021634615384615384
0 0.46153846153846156 0.5408653846153846 0.021634615384615384 0.03125
0 0.3894230769230769 0.7247596153846154 0.010817307692307692 0.026442307692307692
0 0.3762019230769231 0.5913461538461539 0.019230769230769232 0.021634615384615384
0 0.3713942307692308 0.5072115384615384 0.018028846153846152 0.030048076923076924
0 0.3293269230769231 0.4879807692307692 0.018028846153846152 0.020432692307692308
0 0.22956730769230768 0.6262019230769231 0.016826923076923076 0.03365384615384615
0 0.6033653846153846 0.09375 0.014423076923076924 0.02283653846153846
0 0.49278846153846156 0.10096153846153846 0.013221153846153846 0.026442307692307692
0 0.6778846153846154 0.13942307692307693 0.016826923076923076 0.015625
0 0.6778846153846154 0.20072115384615385 0.018028846153846152 0.02283653846153846
0 0.8028846153846154 0.27403846153846156 0.020432692307692308 0.015625
0 0.8617788461538461 0.27524038461538464 0.018028846153846152 0.013221153846153846
0 0.984375 0.3954326923076923 0.02283653846153846 0.016826923076923076
0 0.8473557692307693 0.3329326923076923 0.020432692307692308 0.019230769230769232
0 0.7463942307692307 0.3737980769230769 0.021634615384615384 0.018028846153846152
0 0.7788461538461539 0.5588942307692307 0.021634615384615384 0.02403846153846154
0 0.7331730769230769 0.23677884615384615 0.014423076923076924 0.02403846153846154
0 0.6225961538461539 0.34615384615384615 0.02283653846153846 0.02283653846153846
0 0.8064903846153846 0.4483173076923077 0.021634615384615384 0.020432692307692308
0 0.8870192307692307 0.359375 0.02283653846153846 0.026442307692307692
1 0.4723557692307692 0.7487980769230769 0.046875 0.19951923076923078
1 0.4483173076923077 0.5841346153846154 0.06610576923076923 0.11057692307692307
1 0.35336538461538464 0.5480769230769231 0.057692307692307696 0.10697115384615384
1 0.31850961538461536 0.515625 0.04447115384615385 0.10697115384615384
1 0.25961538461538464 0.6322115384615384 0.07451923076923077 0.05048076923076923
1 0.3701923076923077 0.6141826923076923 0.04927884615384615 0.0733173076923077
1 0.41346153846153844 0.8112980769230769 0.042067307692307696 0.042067307692307696
1 0.36658653846153844 0.7524038461538461 0.057692307692307696 0.09134615384615384
0 0.40625 0.8185096153846154 0.015625 0.02403846153846154
1 0.5649038461538461 0.4206730769230769 0.04567307692307692 0.15625
1 0.6286057692307693 0.42427884615384615 0.025240384615384616 0.17908653846153846
1 0.7487980769230769 0.4495192307692308 0.03365384615384615 0.16947115384615385
1 0.8100961538461539 0.5228365384615384 0.038461538461538464 0.17668269230769232
1 0.7716346153846154 0.6382211538461539 0.052884615384615384 0.18028846153846154
1 0.9831730769230769 0.4735576923076923 0.03245192307692308 0.17307692307692307
1 0.8786057692307693 0.43149038461538464 0.042067307692307696 0.17067307692307693
1 0.8521634615384616 0.3701923076923077 0.03125 0.09134615384615384
1 0.8653846153846154 0.3076923076923077 0.026442307692307692 0.09375
1 0.8016826923076923 0.3449519230769231 0.028846153846153848 0.15745192307692307
1 0.7415865384615384 0.26802884615384615 0.037259615384615384 0.0889423076923077
1 0.7716346153846154 0.2980769230769231 0.03365384615384615 0.07091346153846154
0 0.7620192307692307 0.2824519230769231 0.013221153846153846 0.026442307692307692
1 0.6875 0.25841346153846156 0.039663461538461536 0.1346153846153846
1 0.6754807692307693 0.20793269230769232 0.03125 0.14302884615384615
1 0.6129807692307693 0.12860576923076922 0.03365384615384615 0.08774038461538461
1 0.49158653846153844 0.11538461538461539 0.026442307692307692 0.06610576923076923