0 0.8125 0.1622596153846154 0.07572115384615384 0.08173076923076923
0 0.7463942307692307 0.1622596153846154 0.06850961538461539 0.07211538461538461
0 0.6430288461538461 0.6622596153846154 0.06129807692307692 0.12980769230769232
0 0.5673076923076923 0.6370192307692307 0.06370192307692307 0.12259615384615384
0 0.26802884615384615 0.18629807692307693 0.08173076923076923 0.07211538461538461
0 0.15144230769230768 0.2439903846153846 0.0829326923076923 0.06490384615384616
2 0.13581730769230768 0.46153846153846156 0.13701923076923078 0.2608173076923077
2 0.28125 0.4387019230769231 0.13942307692307693 0.2932692307692308
2 0.7391826923076923 0.39903846153846156 0.09975961538461539 0.2848557692307692
2 0.8533653846153846 0.39783653846153844 0.109375 0.33653846153846156
2 0.7560096153846154 0.6911057692307693 0.14423076923076922 0.17668269230769232
2 0.47716346153846156 0.7019230769230769 0.17548076923076922 0.1935096153846154
1 0.8509615384615384 0.5384615384615384 0.1466346153846154 0.8605769230769231
1 0.7367788461538461 0.3557692307692308 0.10697115384615384 0.49399038461538464
1 0.7247596153846154 0.7764423076923077 0.22716346153846154 0.3581730769230769
1 0.4807692307692308 0.7596153846153846 0.2644230769230769 0.3713942307692308
1 0.29086538461538464 0.5588942307692307 0.16947115384615385 0.8293269230769231
1 0.13581730769230768 0.5552884615384616 0.1622596153846154 0.6983173076923077