0 0.18389423076923078 0.30649038461538464 0.042067307692307696 0.040865384615384616
0 0.27283653846153844 0.2608173076923077 0.038461538461538464 0.036057692307692304
0 0.4651442307692308 0.31971153846153844 0.036057692307692304 0.03485576923076923
0 0.5360576923076923 0.2776442307692308 0.04807692307692308 0.03365384615384615
2 0.1502403846153846 0.37259615384615385 0.057692307692307696 0.09495192307692307
2 0.296875 0.3581730769230769 0.06850961538461539 0.09615384615384616
2 0.4543269230769231 0.44471153846153844 0.07451923076923077 0.13341346153846154
2 0.5504807692307693 0.375 0.06490384615384616 0.08774038461538461
1 0.15504807692307693 0.41586538461538464 0.10697115384615384 0.2692307692307692
1 0.2980769230769231 0.4014423076923077 0.0985576923076923 0.31009615384615385
1 0.453125 0.49158653846153844 0.078125 0.3942307692307692
1 0.5444711538461539 0.4338942307692308 0.0829326923076923 0.328125