0 0.24639423076923078 0.2127403846153846 0.06490384615384616 0.12620192307692307
0 0.7295673076923077 0.15745192307692307 0.08533653846153846 0.078125
0 0.9158653846153846 0.14543269230769232 0.05889423076923077 0.078125
0 0.9591346153846154 0.052884615384615384 0.046875 0.04927884615384615
2 0.17548076923076922 0.40384615384615385 0.11899038461538461 0.2920673076923077
2 0.7776442307692307 0.2956730769230769 0.14903846153846154 0.203125
2 0.9050480769230769 0.3485576923076923 0.1310096153846154 0.2860576923076923
2 0.9603365384615384 0.17307692307692307 0.07692307692307693 0.13581730769230768
1 0.19230769230769232 0.5721153846153846 0.19951923076923078 0.8521634615384616
1 0.7776442307692307 0.43509615384615385 0.20192307692307693 0.6298076923076923
1 0.8930288461538461 0.3858173076923077 0.1201923076923077 0.6057692307692307
1 0.9543269230769231 0.234375 0.08653846153846154 0.42788461538461536