0 0.8088942307692307 0.47475961538461536 0.037259615384615384 0.04447115384615385
0 0.7079326923076923 0.5240384615384616 0.037259615384615384 0.04567307692307692
0 0.19110576923076922 0.5805288461538461 0.042067307692307696 0.04447115384615385
0 0.27163461538461536 0.5300480769230769 0.036057692307692304 0.04447115384615385
2 0.8942307692307693 0.6177884615384616 0.05889423076923077 0.11298076923076923
2 0.8076923076923077 0.5805288461538461 0.05889423076923077 0.10336538461538461
2 0.7079326923076923 0.6237980769230769 0.05048076923076923 0.109375
2 0.6117788461538461 0.6201923076923077 0.06971153846153846 0.11298076923076923
0 0.49759615384615385 0.5096153846153846 0.03365384615384615 0.042067307692307696
2 0.5012019230769231 0.6225961538461539 0.055288461538461536 0.10576923076923077
2 0.3942307692307692 0.5576923076923077 0.0625 0.04927884615384615
2 0.27403846153846156 0.6394230769230769 0.052884615384615384 0.1045673076923077
2 0.31850961538461536 0.5745192307692307 0.04567307692307692 0.09375
0 0.30288461538461536 0.4723557692307692 0.036057692307692304 0.04326923076923077
2 0.1935096153846154 0.7512019230769231 0.0733173076923077 0.19591346153846154
2 0.20072115384615385 0.5576923076923077 0.051682692307692304 0.042067307692307696
0 0.8197115384615384 0.7319711538461539 0.042067307692307696 0.0673076923076923
0 0.5829326923076923 0.7163461538461539 0.03245192307692308 0.055288461538461536
1 0.8966346153846154 0.6766826923076923 0.07932692307692307 0.3016826923076923
1 0.8088942307692307 0.578125 0.09375 0.2512019230769231
1 0.7151442307692307 0.6394230769230769 0.0985576923076923 0.27524038461538464
1 0.5961538461538461 0.6526442307692307 0.1045673076923077 0.29447115384615385
1 0.4891826923076923 0.6165865384615384 0.09375 0.24639423076923078
1 0.46634615384615385 0.5661057692307693 0.06850961538461539 0.20552884615384615
1 0.38100961538461536 0.6947115384615384 0.12379807692307693 0.234375
1 0.3918269230769231 0.5396634615384616 0.06971153846153846 0.125
1 0.3137019230769231 0.5456730769230769 0.06370192307692307 0.18990384615384615
1 0.23918269230769232 0.6995192307692307 0.16466346153846154 0.27163461538461536
1 0.28125 0.5961538461538461 0.09495192307692307 0.1814903846153846
1 0.20432692307692307 0.5420673076923077 0.07692307692307693 0.12980769230769232