0 0.30408653846153844 0.265625 0.08774038461538461 0.08774038461538461
0 0.4182692307692308 0.2860576923076923 0.078125 0.078125
0 0.17067307692307693 0.3389423076923077 0.042067307692307696 0.04567307692307692
0 0.14543269230769232 0.3629807692307692 0.028846153846153848 0.04447115384615385
0 0.5132211538461539 0.36177884615384615 0.038461538461538464 0.03485576923076923
0 0.6478365384615384 0.36177884615384615 0.03365384615384615 0.03485576923076923
0 0.4639423076923077 0.3581730769230769 0.03245192307692308 0.039663461538461536
0 0.6670673076923077 0.38100961538461536 0.021634615384615384 0.027644230769230768
0 0.6923076923076923 0.37740384615384615 0.027644230769230768 0.03485576923076923
2 0.7079326923076923 0.44711538461538464 0.046875 0.09735576923076923
2 0.6526442307692307 0.4495192307692308 0.042067307692307696 0.10216346153846154
1 0.7019230769230769 0.49158653846153844 0.055288461538461536 0.265625
1 0.6514423076923077 0.5 0.04447115384615385 0.3076923076923077
1 0.5264423076923077 0.4951923076923077 0.051682692307692304 0.30649038461538464
1 0.4795673076923077 0.40384615384615385 0.06610576923076923 0.14182692307692307
0 0.3762019230769231 0.36899038461538464 0.027644230769230768 0.021634615384615384
1 0.12620192307692307 0.5060096153846154 0.06129807692307692 0.3389423076923077
1 0.18509615384615385 0.5360576923076923 0.0625 0.4495192307692308
1 0.4338942307692308 0.6165865384615384 0.17067307692307693 0.7620192307692307
1 0.2776442307692308 0.6009615384615384 0.16105769230769232 0.7932692307692307
2 0.1346153846153846 0.43509615384615385 0.052884615384615384 0.11778846153846154
2 0.1814903846153846 0.44471153846153844 0.06129807692307692 0.11298076923076923
2 0.28365384615384615 0.5276442307692307 0.13942307692307693 0.2980769230769231
2 0.4254807692307692 0.5492788461538461 0.15504807692307693 0.3245192307692308
2 0.5348557692307693 0.4483173076923077 0.054086538461538464 0.11538461538461539
2 0.47836538461538464 0.41225961538461536 0.051682692307692304 0.07932692307692307