0 0.9158653846153846 0.2824519230769231 0.054086538461538464 0.057692307692307696
0 0.8329326923076923 0.31490384615384615 0.052884615384615384 0.052884615384615384
0 0.7536057692307693 0.28846153846153844 0.054086538461538464 0.0625
0 0.7007211538461539 0.35336538461538464 0.056490384615384616 0.057692307692307696
0 0.6610576923076923 0.3016826923076923 0.052884615384615384 0.05048076923076923
0 0.6213942307692307 0.36538461538461536 0.04326923076923077 0.05048076923076923
0 0.5997596153846154 0.3233173076923077 0.04567307692307692 0.03245192307692308
0 0.5288461538461539 0.3016826923076923 0.052884615384615384 0.04927884615384615
0 0.45552884615384615 0.3293269230769231 0.04807692307692308 0.04326923076923077
0 0.4206730769230769 0.3786057692307692 0.054086538461538464 0.06610576923076923
0 0.36899038461538464 0.31490384615384615 0.057692307692307696 0.040865384615384616
0 0.2980769230769231 0.3293269230769231 0.054086538461538464 0.05048076923076923
0 0.21153846153846154 0.2932692307692308 0.051682692307692304 0.04927884615384615
0 0.10336538461538461 0.3173076923076923 0.0625 0.04927884615384615
1 0.10336538461538461 0.5480769230769231 0.10096153846153846 0.5060096153846154
1 0.20793269230769232 0.5360576923076923 0.11177884615384616 0.5360576923076923
1 0.2920673076923077 0.5456730769230769 0.08533653846153846 0.49158653846153844
1 0.3629807692307692 0.5432692307692307 0.054086538461538464 0.4891826923076923
1 0.4206730769230769 0.5745192307692307 0.06850961538461539 0.44711538461538464
1 0.4579326923076923 0.5432692307692307 0.052884615384615384 0.47475961538461536
1 0.5264423076923077 0.5372596153846154 0.08533653846153846 0.515625
1 0.6057692307692307 0.5625 0.06971153846153846 0.5360576923076923
1 0.6947115384615384 0.5853365384615384 0.07451923076923077 0.4987980769230769
1 0.7584134615384616 0.53125 0.0829326923076923 0.5360576923076923
1 0.8293269230769231 0.5444711538461539 0.08533653846153846 0.5060096153846154
1 0.9170673076923077 0.5348557692307693 0.1045673076923077 0.5625
1 0.6622596153846154 0.3485576923076923 0.04927884615384615 0.17668269230769232