0 0.34615384615384615 0.26322115384615385 0.019230769230769232 0.021634615384615384
0 0.5036057692307693 0.27283653846153844 0.021634615384615384 0.016826923076923076
0 0.375 0.5396634615384616 0.03485576923076923 0.02403846153846154
0 0.6213942307692307 0.5877403846153846 0.03125 0.054086538461538464
0 0.7644230769230769 0.5288461538461539 0.036057692307692304 0.04927884615384615
0 0.8990384615384616 0.15504807692307693 0.042067307692307696 0.03245192307692308
2 0.3485576923076923 0.32091346153846156 0.036057692307692304 0.05889423076923077
2 0.35697115384615385 0.6165865384615384 0.054086538461538464 0.08533653846153846
2 0.5877403846153846 0.6778846153846154 0.039663461538461536 0.11538461538461539
2 0.7764423076923077 0.640625 0.07572115384615384 0.125
2 0.9242788461538461 0.24879807692307693 0.057692307692307696 0.1201923076923077
2 0.49158653846153844 0.3233173076923077 0.036057692307692304 0.06850961538461539
1 0.34615384615384615 0.3641826923076923 0.052884615384615384 0.2127403846153846
1 0.37259615384615385 0.5913461538461539 0.078125 0.13942307692307693
1 0.49399038461538464 0.3557692307692308 0.057692307692307696 0.19110576923076922
1 0.3737980769230769 0.5949519230769231 0.0829326923076923 0.14423076923076922
1 0.5949519230769231 0.6574519230769231 0.06850961538461539 0.21033653846153846
1 0.7824519230769231 0.6754807692307693 0.09615384615384616 0.32572115384615385
1 0.9194711538461539 0.31490384615384615 0.09495192307692307 0.375