0 0.42427884615384615 0.4014423076923077 0.06850961538461539 0.0733173076923077
0 0.31490384615384615 0.46634615384615385 0.013221153846153846 0.014423076923076924
0 0.515625 0.4026442307692308 0.01201923076923077 0.01201923076923077
0 0.6382211538461539 0.40625 0.01201923076923077 0.014423076923076924
0 0.6706730769230769 0.4326923076923077 0.013221153846153846 0.021634615384615384
0 0.8389423076923077 0.4675480769230769 0.013221153846153846 0.010817307692307692
1 0.8389423076923077 0.4891826923076923 0.03125 0.06009615384615385
1 0.7283653846153846 0.44350961538461536 0.03485576923076923 0.040865384615384616
1 0.6971153846153846 0.4675480769230769 0.06971153846153846 0.09134615384615384
1 0.640625 0.4495192307692308 0.03125 0.10096153846153846
1 0.5168269230769231 0.44350961538461536 0.02283653846153846 0.09615384615384616
1 0.3245192307692308 0.49759615384615385 0.04447115384615385 0.07692307692307693
1 0.4254807692307692 0.6550480769230769 0.14423076923076922 0.5805288461538461