0 0.4519230769230769 0.3269230769230769 0.3701923076923077 0.35336538461538464
0 0.14423076923076922 0.6310096153846154 0.11538461538461539 0.11057692307692307
0 0.7572115384615384 0.6754807692307693 0.04326923076923077 0.0625
0 0.8317307692307693 0.6778846153846154 0.037259615384615384 0.057692307692307696
0 0.9819711538461539 0.6971153846153846 0.030048076923076924 0.039663461538461536
0 0.9242788461538461 0.6875 0.038461538461538464 0.037259615384615384
0 0.6370192307692307 0.6971153846153846 0.03365384615384615 0.030048076923076924
0 0.5793269230769231 0.7139423076923077 0.038461538461538464 0.055288461538461536
0 0.28365384615384615 0.7067307692307693 0.04807692307692308 0.055288461538461536
0 0.19951923076923078 0.7163461538461539 0.03485576923076923 0.04567307692307692
0 0.23197115384615385 0.7055288461538461 0.037259615384615384 0.04807692307692308
1 0.12139423076923077 0.7836538461538461 0.20673076923076922 0.42908653846153844
1 0.4230769230769231 0.5564903846153846 0.43509615384615385 0.8822115384615384
1 0.7139423076923077 0.8185096153846154 0.04447115384615385 0.27283653846153844
1 0.5841346153846154 0.8100961538461539 0.04447115384615385 0.2704326923076923
1 0.6394230769230769 0.8016826923076923 0.04447115384615385 0.2704326923076923
1 0.6694711538461539 0.8004807692307693 0.04447115384615385 0.27283653846153844
1 0.7644230769230769 0.7920673076923077 0.04447115384615385 0.2704326923076923
1 0.8269230769230769 0.78125 0.06971153846153846 0.26802884615384615
1 0.9747596153846154 0.7824519230769231 0.04807692307692308 0.25600961538461536
1 0.9314903846153846 0.78125 0.05048076923076923 0.22355769230769232
1 0.2091346153846154 0.8173076923076923 0.08173076923076923 0.23557692307692307
1 0.29447115384615385 0.8016826923076923 0.08173076923076923 0.23557692307692307