0 0.13942307692307693 0.6490384615384616 0.07451923076923077 0.1045673076923077
0 0.38461538461538464 0.5060096153846154 0.07932692307692307 0.1045673076923077
0 0.7764423076923077 0.140625 0.015625 0.02403846153846154
0 0.859375 0.15504807692307693 0.025240384615384616 0.037259615384615384
0 0.8822115384615384 0.1502403846153846 0.01201923076923077 0.018028846153846152
2 0.20552884615384615 0.5841346153846154 0.10216346153846154 0.08413461538461539
2 0.421875 0.7512019230769231 0.1201923076923077 0.2403846153846154
2 0.7764423076923077 0.17307692307692307 0.019230769230769232 0.042067307692307696
2 0.8581730769230769 0.21995192307692307 0.03245192307692308 0.07692307692307693
2 0.8822115384615384 0.18629807692307693 0.015625 0.042067307692307696
1 0.17307692307692307 0.6225961538461539 0.14423076923076922 0.20192307692307693
1 0.39302884615384615 0.7211538461538461 0.18629807692307693 0.5408653846153846
1 0.7740384615384616 0.1935096153846154 0.040865384615384616 0.12139423076923077
1 0.8521634615384616 0.2536057692307692 0.04326923076923077 0.22355769230769232
1 0.8834134615384616 0.18870192307692307 0.027644230769230768 0.09254807692307693