0 0.36658653846153844 0.46634615384615385 0.04326923076923077 0.04326923076923077
0 0.4074519230769231 0.4699519230769231 0.038461538461538464 0.04567307692307692
0 0.5432692307692307 0.4891826923076923 0.056490384615384616 0.052884615384615384
2 0.3605769230769231 0.59375 0.05889423076923077 0.13581730769230768
2 0.42908653846153844 0.5949519230769231 0.0733173076923077 0.12379807692307693
2 0.5444711538461539 0.6105769230769231 0.06129807692307692 0.14182692307692307
2 0.9723557692307693 0.30528846153846156 0.052884615384615384 0.14302884615384615
0 0.9867788461538461 0.1778846153846154 0.025240384615384616 0.054086538461538464
1 0.35096153846153844 0.6790865384615384 0.06370192307692307 0.4483173076923077
1 0.4326923076923077 0.6730769230769231 0.09975961538461539 0.42788461538461536
1 0.546875 0.6899038461538461 0.06370192307692307 0.45552884615384615
1 0.9699519230769231 0.375 0.057692307692307696 0.453125