0 0.21875 0.5516826923076923 0.051682692307692304 0.04326923076923077
0 0.3317307692307692 0.5901442307692307 0.04326923076923077 0.057692307692307696
0 0.42788461538461536 0.6057692307692307 0.04326923076923077 0.06009615384615385
0 0.46274038461538464 0.6177884615384616 0.03365384615384615 0.055288461538461536
0 0.5180288461538461 0.5673076923076923 0.052884615384615384 0.05048076923076923
0 0.6826923076923077 0.5973557692307693 0.055288461538461536 0.08173076923076923
0 0.9254807692307693 0.2824519230769231 0.018028846153846152 0.019230769230769232
0 0.48197115384615385 0.22956730769230768 0.025240384615384616 0.016826923076923076
0 0.4182692307692308 0.23076923076923078 0.016826923076923076 0.02403846153846154
0 0.4375 0.2247596153846154 0.018028846153846152 0.026442307692307692
2 0.41947115384615385 0.2704326923076923 0.018028846153846152 0.04326923076923077
2 0.4423076923076923 0.2692307692307692 0.021634615384615384 0.04567307692307692
2 0.48197115384615385 0.27283653846153844 0.030048076923076924 0.04807692307692308
2 0.9278846153846154 0.31009615384615385 0.018028846153846152 0.03125
2 0.21153846153846154 0.6838942307692307 0.07692307692307693 0.13942307692307693
2 0.32211538461538464 0.6826923076923077 0.06370192307692307 0.12740384615384615
2 0.4014423076923077 0.7331730769230769 0.052884615384615384 0.14182692307692307
2 0.4567307692307692 0.7247596153846154 0.056490384615384616 0.12980769230769232
2 0.5036057692307693 0.6622596153846154 0.05889423076923077 0.11538461538461539
2 0.65625 0.6887019230769231 0.078125 0.12980769230769232
2 0.9278846153846154 0.3112980769230769 0.014423076923076924 0.03365384615384615
1 0.40865384615384615 0.30408653846153844 0.028846153846153848 0.125
1 0.4411057692307692 0.2980769230769231 0.026442307692307692 0.14182692307692307
1 0.49038461538461536 0.3016826923076923 0.04807692307692308 0.16346153846153846
1 0.20432692307692307 0.7259615384615384 0.08533653846153846 0.4170673076923077
1 0.32091346153846156 0.7403846153846154 0.04807692307692308 0.36899038461538464
1 0.40384615384615385 0.7704326923076923 0.038461538461538464 0.38341346153846156
1 0.46153846153846156 0.7403846153846154 0.039663461538461536 0.30649038461538464
1 0.5168269230769231 0.6887019230769231 0.07692307692307693 0.28966346153846156
1 0.6610576923076923 0.6610576923076923 0.10817307692307693 0.23317307692307693
1 0.8894230769230769 0.3076923076923077 0.030048076923076924 0.07932692307692307
1 0.9254807692307693 0.3076923076923077 0.03485576923076923 0.10336538461538461