0 0.5432692307692307 0.3269230769230769 0.056490384615384616 0.08173076923076923
0 0.6430288461538461 0.45552884615384615 0.054086538461538464 0.0829326923076923
0 0.8209134615384616 0.33413461538461536 0.06370192307692307 0.09014423076923077
0 0.06129807692307692 0.4074519230769231 0.040865384615384616 0.07932692307692307
2 0.14302884615384615 0.42908653846153844 0.09375 0.10096153846153846
2 0.5432692307692307 0.21394230769230768 0.09495192307692307 0.14302884615384615
2 0.5612980769230769 0.5300480769230769 0.09615384615384616 0.17668269230769232
2 0.8701923076923077 0.34975961538461536 0.08413461538461539 0.1778846153846154
1 0.12259615384615384 0.40865384615384615 0.18990384615384615 0.18629807692307693
1 0.5360576923076923 0.2692307692307692 0.12860576923076922 0.24879807692307693
1 0.5865384615384616 0.5432692307692307 0.17548076923076922 0.23557692307692307
1 0.828125 0.3545673076923077 0.22956730769230768 0.23798076923076922