0 0.46033653846153844 0.3737980769230769 0.04447115384615385 0.07572115384615384
0 0.515625 0.39903846153846156 0.057692307692307696 0.06850961538461539
0 0.7956730769230769 0.3125 0.042067307692307696 0.06610576923076923
0 0.8990384615384616 0.328125 0.05048076923076923 0.06370192307692307
0 0.8665865384615384 0.4014423076923077 0.054086538461538464 0.05889423076923077
2 0.45552884615384615 0.49399038461538464 0.06850961538461539 0.14903846153846154
2 0.5240384615384616 0.5612980769230769 0.0625 0.20552884615384615
2 0.8028846153846154 0.4170673076923077 0.08653846153846154 0.12259615384615384
2 0.9170673076923077 0.5384615384615384 0.0625 0.18870192307692307
2 0.9170673076923077 0.4387019230769231 0.04447115384615385 0.13701923076923078
1 0.4495192307692308 0.5588942307692307 0.07572115384615384 0.46033653846153844
1 0.5192307692307693 0.6418269230769231 0.06370192307692307 0.5444711538461539
1 0.7992788461538461 0.3942307692307692 0.08653846153846154 0.23076923076923078
1 0.90625 0.5084134615384616 0.109375 0.25721153846153844
1 0.9230769230769231 0.4050480769230769 0.10096153846153846 0.23798076923076922