0 0.3449519230769231 0.2800480769230769 0.06610576923076923 0.08533653846153846
0 0.4411057692307692 0.20793269230769232 0.057692307692307696 0.07572115384615384
0 0.4987980769230769 0.28966346153846156 0.05889423076923077 0.0829326923076923
0 0.5997596153846154 0.28125 0.07451923076923077 0.08533653846153846
0 0.6754807692307693 0.2512019230769231 0.05889423076923077 0.08653846153846154
0 0.8713942307692307 0.27403846153846156 0.06129807692307692 0.08173076923076923
1 0.33653846153846156 0.6177884615384616 0.12980769230769232 0.7572115384615384
1 0.24759615384615385 0.4074519230769231 0.04326923076923077 0.2920673076923077
1 0.10336538461538461 0.7055288461538461 0.20432692307692307 0.5625
1 0.9663461538461539 0.609375 0.06490384615384616 0.6298076923076923
1 0.8677884615384616 0.6177884615384616 0.13221153846153846 0.7572115384615384
1 0.6225961538461539 0.6189903846153846 0.12740384615384615 0.7596153846153846
1 0.49158653846153844 0.6237980769230769 0.14783653846153846 0.7295673076923077
1 0.42908653846153844 0.30528846153846156 0.09375 0.26322115384615385
1 0.6947115384615384 0.5793269230769231 0.12259615384615384 0.7524038461538461