2 0.046875 0.1935096153846154 0.054086538461538464 0.04326923076923077
2 0.140625 0.171875 0.03125 0.03125
2 0.13942307692307693 0.28125 0.04927884615384615 0.057692307692307696
2 0.23918269230769232 0.35336538461538464 0.125 0.1778846153846154
2 0.2764423076923077 0.21153846153846154 0.06610576923076923 0.0985576923076923
2 0.18629807692307693 0.18629807692307693 0.03245192307692308 0.03485576923076923
2 0.4182692307692308 0.2283653846153846 0.037259615384615384 0.11298076923076923
2 0.49158653846153844 0.19831730769230768 0.030048076923076924 0.04326923076923077
2 0.5637019230769231 0.2247596153846154 0.06009615384615385 0.09254807692307693
2 0.7716346153846154 0.33653846153846156 0.1310096153846154 0.18389423076923078
2 0.8545673076923077 0.25600961538461536 0.0673076923076923 0.06971153846153846
2 0.46875 0.17307692307692307 0.018028846153846152 0.010817307692307692
0 0.07932692307692307 0.17548076923076922 0.02403846153846154 0.028846153846153848
0 0.10817307692307693 0.23317307692307693 0.020432692307692308 0.025240384615384616
0 0.34375 0.3173076923076923 0.040865384615384616 0.0889423076923077
0 0.29447115384615385 0.12139423076923077 0.04807692307692308 0.051682692307692304
0 0.44471153846153844 0.14302884615384615 0.03245192307692308 0.04807692307692308
0 0.14423076923076922 0.140625 0.014423076923076924 0.019230769230769232
0 0.1778846153846154 0.1466346153846154 0.015625 0.020432692307692308
0 0.21394230769230768 0.1466346153846154 0.01201923076923077 0.015625
0 0.5709134615384616 0.15144230769230768 0.020432692307692308 0.03365384615384615
0 0.65625 0.2512019230769231 0.08052884615384616 0.08533653846153846
1 0.054086538461538464 0.25600961538461536 0.07091346153846154 0.19591346153846154
1 0.13341346153846154 0.2776442307692308 0.07572115384615384 0.1045673076923077
1 0.14423076923076922 0.18629807692307693 0.039663461538461536 0.1141826923076923
1 0.18509615384615385 0.20432692307692307 0.039663461538461536 0.13942307692307693
1 0.21394230769230768 0.1622596153846154 0.02403846153846154 0.055288461538461536
1 0.27524038461538464 0.5108173076923077 0.20552884615384615 0.4651442307692308
1 0.2800480769230769 0.17548076923076922 0.08052884615384616 0.15985576923076922
1 0.421875 0.29927884615384615 0.057692307692307696 0.36778846153846156
1 0.49158653846153844 0.21153846153846154 0.030048076923076924 0.12980769230769232
1 0.5673076923076923 0.27163461538461536 0.07091346153846154 0.27163461538461536
1 0.7199519230769231 0.5144230769230769 0.21033653846153846 0.6057692307692307
1 0.8329326923076923 0.24759615384615385 0.11298076923076923 0.10096153846153846