0 0.7139423076923077 0.4831730769230769 0.038461538461538464 0.042067307692307696
0 0.6658653846153846 0.4543269230769231 0.02403846153846154 0.025240384615384616
0 0.5637019230769231 0.4639423076923077 0.03125 0.038461538461538464
0 0.45072115384615385 0.4483173076923077 0.03245192307692308 0.026442307692307692
0 0.3293269230769231 0.4362980769230769 0.030048076923076924 0.027644230769230768
0 0.39903846153846156 0.42908653846153844 0.051682692307692304 0.04807692307692308
0 0.20552884615384615 0.41466346153846156 0.03365384615384615 0.03245192307692308
0 0.24639423076923078 0.4326923076923077 0.06490384615384616 0.06129807692307692
1 0.6670673076923077 0.5444711538461539 0.04447115384615385 0.1971153846153846
1 0.7139423076923077 0.6538461538461539 0.07692307692307693 0.3737980769230769
1 0.5733173076923077 0.6237980769230769 0.07692307692307693 0.34975961538461536
1 0.46274038461538464 0.53125 0.06009615384615385 0.1814903846153846
1 0.40625 0.7007211538461539 0.11778846153846154 0.5949519230769231
1 0.33052884615384615 0.609375 0.06971153846153846 0.3762019230769231
1 0.18509615384615385 0.4987980769230769 0.06610576923076923 0.21153846153846154
1 0.24759615384615385 0.6971153846153846 0.109375 0.6033653846153846
2 0.7151442307692307 0.5889423076923077 0.07211538461538461 0.14302884615384615
2 0.6658653846153846 0.5108173076923077 0.03365384615384615 0.06971153846153846
2 0.5745192307692307 0.5649038461538461 0.06009615384615385 0.1201923076923077
2 0.4579326923076923 0.5444711538461539 0.06490384615384616 0.11538461538461539
2 0.32572115384615385 0.5360576923076923 0.05889423076923077 0.11899038461538461
2 0.40865384615384615 0.6057692307692307 0.10576923076923077 0.21634615384615385
2 0.24158653846153846 0.6225961538461539 0.10697115384615384 0.23677884615384615
2 0.1935096153846154 0.49158653846153844 0.042067307692307696 0.06129807692307692