1 0.17067307692307693 0.6382211538461539 0.03245192307692308 0.36658653846153844
0 0.3918269230769231 0.48197115384615385 0.020432692307692308 0.046875
0 0.4495192307692308 0.48677884615384615 0.019230769230769232 0.052884615384615384
0 0.5084134615384616 0.5228365384615384 0.036057692307692304 0.07692307692307693
1 0.390625 0.6189903846153846 0.037259615384615384 0.3317307692307692
1 0.453125 0.6262019230769231 0.037259615384615384 0.32211538461538464
1 0.5216346153846154 0.6574519230769231 0.06850961538461539 0.35216346153846156
2 0.17067307692307693 0.5949519230769231 0.03125 0.15865384615384615
2 0.38341346153846156 0.6021634615384616 0.038461538461538464 0.17908653846153846
2 0.4495192307692308 0.5805288461538461 0.03365384615384615 0.11899038461538461
2 0.5240384615384616 0.7139423076923077 0.06370192307692307 0.24519230769230768