0 0.21634615384615385 0.13581730769230768 0.13581730769230768 0.13581730769230768
0 0.5793269230769231 0.2620192307692308 0.06490384615384616 0.06129807692307692
0 0.7908653846153846 0.3485576923076923 0.05048076923076923 0.051682692307692304
2 0.7908653846153846 0.4951923076923077 0.09975961538461539 0.18389423076923078
2 0.5757211538461539 0.40024038461538464 0.09014423076923077 0.17548076923076922
2 0.43509615384615385 0.5420673076923077 0.2620192307692308 0.4543269230769231
2 0.15745192307692307 0.5360576923076923 0.20793269230769232 0.4651442307692308
1 0.1502403846153846 0.484375 0.2403846153846154 0.8052884615384616
1 0.4230769230769231 0.49158653846153844 0.2548076923076923 0.7860576923076923
1 0.7884615384615384 0.5528846153846154 0.10817307692307693 0.47716346153846156
1 0.578125 0.4579326923076923 0.07932692307692307 0.5024038461538461
0 0.38822115384615385 0.15745192307692307 0.13221153846153846 0.14423076923076922