0 0.2932692307692308 0.18389423076923078 0.13701923076923078 0.14903846153846154
0 0.4795673076923077 0.27524038461538464 0.13822115384615385 0.20192307692307693
0 0.6310096153846154 0.11057692307692307 0.14543269230769232 0.19951923076923078
0 0.9254807692307693 0.22596153846153846 0.09014423076923077 0.1466346153846154
0 0.9543269230769231 0.2247596153846154 0.09014423076923077 0.14783653846153846
2 0.14182692307692307 0.5540865384615384 0.23197115384615385 0.5913461538461539
2 0.45552884615384615 0.703125 0.23317307692307693 0.5901442307692307
2 0.6706730769230769 0.6658653846153846 0.24639423076923078 0.6658653846153846
2 0.9411057692307693 0.7391826923076923 0.11658653846153846 0.5192307692307693
2 0.8425480769230769 0.7367788461538461 0.11658653846153846 0.5204326923076923
1 0.15504807692307693 0.4951923076923077 0.3076923076923077 0.9891826923076923
1 0.46033653846153844 0.5829326923076923 0.23076923076923078 0.8329326923076923
1 0.6838942307692307 0.5 0.3161057692307692 0.9975961538461539
1 0.9206730769230769 0.5637019230769231 0.15745192307692307 0.8701923076923077