3 0.0625 0.64453125 0.125 0.3796875
3 0.15703125 0.84609375 0.1390625 0.3078125
3 0.1375 0.53359375 0.0890625 0.30625
3 0.18125 0.39453125 0.103125 0.1515625
3 0.2484375 0.54140625 0.134375 0.2703125
3 0.34453125 0.5796875 0.0953125 0.24375
3 0.39609375 0.76953125 0.1328125 0.159375
3 0.54609375 0.78125 0.11875 0.2078125
3 0.43671875 0.6015625 0.1015625 0.1625
3 0.521875 0.5546875 0.09375 0.0984375
3 0.51015625 0.46328125 0.103125 0.109375
3 0.6078125 0.559375 0.090625 0.246875
3 0.6984375 0.47890625 0.090625 0.103125
3 0.65625 0.78046875 0.121875 0.16875
3 0.8078125 0.7703125 0.175 0.234375
3 0.821875 0.50625 0.1265625 0.2671875
3 0.946875 0.5265625 0.10625 0.3140625
1 0.07109375 0.41640625 0.08125 0.096875
1 0.134375 0.32421875 0.046875 0.06875
1 0.178125 0.26171875 0.059375 0.071875
1 0.17109375 0.61328125 0.05625 0.0921875
1 0.28671875 0.34296875 0.0578125 0.0640625
1 0.3578125 0.38671875 0.0578125 0.0734375
1 0.3765625 0.30859375 0.05 0.0640625
1 0.51875 0.35703125 0.0453125 0.059375
1 0.60078125 0.36796875 0.046875 0.05625
1 0.503125 0.46328125 0.0546875 0.0765625
1 0.43359375 0.46328125 0.0578125 0.0765625
1 0.396875 0.61015625 0.0609375 0.0734375
1 0.52421875 0.62109375 0.0671875 0.08125
1 0.65078125 0.62734375 0.0640625 0.075
1 0.69140625 0.51328125 0.0640625 0.0796875
1 0.77265625 0.6046875 0.053125 0.0703125
1 0.94375 0.2875 0.065625 0.09375
1 0.809375 0.2984375 0.0671875 0.078125
1 0.6765625 0.38671875 0.0640625 0.059375