3 0.2734375 0.3890625 0.1421875 0.2625
3 0.85390625 0.409375 0.1265625 0.25625
1 0.85625 0.20625 0.078125 0.0765625
1 0.27890625 0.18671875 0.075 0.071875
1 0.43828125 0.4203125 0.053125 0.0671875
1 0.49921875 0.4328125 0.040625 0.0546875
1 0.35234375 0.2765625 0.0421875 0.05
1 0.653125 0.415625 0.0515625 0.0453125
1 0.5875 0.425 0.0375 0.0515625
1 0.553125 0.39453125 0.03125 0.0421875
1 0.49453125 0.3734375 0.03125 0.0390625
1 0.39296875 0.3890625 0.0390625 0.0453125
2 0.44296875 0.5828125 0.1234375 0.2125
2 0.64765625 0.584375 0.0984375 0.19375
2 0.584375 0.496875 0.0609375 0.0546875
3 0.7359375 0.35078125 0.03125 0.04375