3 0.059375 0.5015625 0.0875 0.1453125
3 0.12890625 0.5546875 0.06875 0.11875
3 0.20703125 0.55546875 0.071875 0.1546875
3 0.28125 0.58515625 0.059375 0.1234375
3 0.33125 0.60859375 0.05 0.103125
3 0.43203125 0.55 0.0578125 0.109375
3 0.5109375 0.52578125 0.0609375 0.11875
3 0.6234375 0.57421875 0.0671875 0.1109375
3 0.82265625 0.6015625 0.05625 0.0890625
3 0.89453125 0.559375 0.0484375 0.0765625
3 0.96015625 0.54375 0.053125 0.0578125
3 0.55859375 0.590625 0.0375 0.109375
3 0.33203125 0.52109375 0.0390625 0.05
1 0.07578125 0.39765625 0.0375 0.059375
1 0.134375 0.471875 0.0375 0.0546875
1 0.2109375 0.44375 0.0375 0.0546875
1 0.2859375 0.49140625 0.040625 0.053125
1 0.3421875 0.528125 0.034375 0.05
1 0.33046875 0.47890625 0.0359375 0.0484375
1 0.4390625 0.47265625 0.034375 0.05
1 0.5171875 0.446875 0.0375 0.0484375
1 0.56875 0.48984375 0.028125 0.0421875
1 0.59140625 0.459375 0.0265625 0.0453125
1 0.62265625 0.49453125 0.0375 0.0484375
1 0.82109375 0.5296875 0.0265625 0.040625
1 0.89453125 0.503125 0.021875 0.034375
1 0.96328125 0.48046875 0.0234375 0.0359375