3 0.21796875 0.634375 0.0671875 0.13125
3 0.2859375 0.6328125 0.046875 0.1484375
3 0.3265625 0.67421875 0.0828125 0.190625
3 0.42578125 0.6421875 0.071875 0.159375
3 0.578125 0.69296875 0.05625 0.165625
3 0.6984375 0.72578125 0.084375 0.215625
1 0.70703125 0.56953125 0.071875 0.0828125
1 0.51484375 0.29140625 0.05625 0.065625
1 0.33515625 0.52421875 0.053125 0.09375
1 0.2140625 0.53359375 0.046875 0.0609375
1 0.29765625 0.53359375 0.04375 0.06875
1 0.371875 0.52578125 0.0359375 0.0640625
2 0.51015625 0.4828125 0.1546875 0.29375
2 0.32421875 0.46328125 0.11875 0.0796875