1 0.76640625 0.25625 0.1140625 0.159375
1 0.44609375 0.34921875 0.1328125 0.1328125
0 0.2546875 0.32109375 0.084375 0.1109375
0 0.17109375 0.39609375 0.0796875 0.0921875
0 0.584375 0.3171875 0.109375 0.115625
0 0.10859375 0.4359375 0.0890625 0.075
0 0.04921875 0.45234375 0.0484375 0.0546875
0 0.9640625 0.403125 0.0625 0.0625
2 0.7953125 0.69296875 0.15625 0.5546875
2 0.62109375 0.67890625 0.1390625 0.4453125
2 0.43984375 0.59140625 0.1390625 0.3046875
2 0.2875 0.5703125 0.103125 0.325
2 0.184375 0.5546875 0.1125 0.184375
2 0.1234375 0.58046875 0.0625 0.1203125
2 0.05390625 0.5484375 0.0546875 0.115625
2 0.96171875 0.565625 0.0765625 0.2125