0 0.22265625 0.4890625 0.05 0.046875
0 0.3671875 0.5 0.034375 0.04375
0 0.45546875 0.4734375 0.0421875 0.046875
0 0.371875 0.4703125 0.034375 0.0375
0 0.50078125 0.45859375 0.03125 0.0359375
0 0.5796875 0.47421875 0.028125 0.0296875
0 0.62890625 0.4828125 0.0390625 0.04375
0 0.703125 0.41015625 0.0609375 0.0484375
3 0.7140625 0.5625 0.10625 0.196875
3 0.6265625 0.59140625 0.059375 0.1390625
3 0.58203125 0.5484375 0.0390625 0.09375
3 0.4984375 0.565625 0.059375 0.125
3 0.4625 0.584375 0.065625 0.1375
3 0.36171875 0.609375 0.0734375 0.134375
3 0.21328125 0.615625 0.0765625 0.15625