0 0.95859375 0.35703125 0.0453125 0.0421875
0 0.76171875 0.3375 0.0421875 0.046875
0 0.6859375 0.36796875 0.0375 0.0546875
0 0.5625 0.3421875 0.04375 0.04375
0 0.49453125 0.3640625 0.0265625 0.025
0 0.44375 0.35390625 0.025 0.0265625
0 0.4 0.3609375 0.028125 0.03125
0 0.33515625 0.365625 0.0296875 0.03125
0 0.27578125 0.34140625 0.0484375 0.0453125
0 0.21015625 0.36953125 0.0296875 0.0328125
0 0.140625 0.38046875 0.04375 0.0515625
0 0.11875 0.37109375 0.03125 0.0453125
0 0.096875 0.3765625 0.025 0.021875
2 0.41953125 0.46796875 0.0765625 0.1390625
2 0.56640625 0.45 0.0703125 0.1375
2 0.671875 0.45625 0.0625 0.134375
2 0.77734375 0.4296875 0.0640625 0.134375
2 0.95703125 0.4625 0.0640625 0.146875
2 0.490625 0.415625 0.03125 0.078125
2 0.33984375 0.4296875 0.0453125 0.0875
2 0.2734375 0.46640625 0.071875 0.1546875
2 0.2046875 0.4421875 0.04375 0.0875
2 0.1296875 0.47109375 0.05 0.1140625