0 0.7484375 0.54140625 0.046875 0.04375
0 0.20078125 0.5359375 0.0609375 0.084375
0 0.32265625 0.54296875 0.0703125 0.0953125
0 0.61875 0.5421875 0.0828125 0.0890625
0 0.44765625 0.5546875 0.0578125 0.065625
0 0.9296875 0.56328125 0.05625 0.0515625
0 0.56328125 0.5625 0.0359375 0.04375
0 0.81953125 0.5828125 0.0578125 0.05
3 0.44453125 0.68828125 0.0671875 0.1796875
3 0.7484375 0.7 0.09375 0.2125
3 0.921875 0.71015625 0.075 0.1734375
3 0.55390625 0.715625 0.0765625 0.196875
3 0.2015625 0.75859375 0.103125 0.2828125
3 0.8265625 0.72421875 0.05 0.175
3 0.6375 0.78046875 0.090625 0.2703125
3 0.32421875 0.78359375 0.1171875 0.3015625
0 0.05234375 0.57578125 0.04375 0.04375
3 0.06015625 0.67578125 0.065625 0.128125
0 0.38046875 0.5484375 0.046875 0.05625
0 0.28359375 0.5640625 0.028125 0.0515625