0 0.18984375 0.140625 0.0765625 0.065625
0 0.26484375 0.16796875 0.0578125 0.0515625
1 0.35234375 0.1984375 0.0515625 0.046875
0 0.45 0.15625 0.078125 0.053125
0 0.76015625 0.16484375 0.0703125 0.0609375
0 0.87734375 0.16953125 0.0671875 0.0484375
1 0.57265625 0.1375 0.0578125 0.04375
1 0.66953125 0.1765625 0.0515625 0.046875
2 0.18046875 0.2921875 0.1265625 0.171875
2 0.26796875 0.30234375 0.0703125 0.1578125
2 0.3515625 0.33125 0.090625 0.1375
2 0.47890625 0.30390625 0.1203125 0.1765625
2 0.5828125 0.27890625 0.103125 0.1765625
2 0.66171875 0.3234375 0.1078125 0.165625
2 0.87421875 0.325 0.1078125 0.18125
3 0.7625 0.3203125 0.10625 0.18125