0 0.84140625 0.090625 0.1109375 0.171875
0 0.93828125 0.15859375 0.0515625 0.0703125
0 0.740625 0.1453125 0.075 0.1125
0 0.69375 0.21875 0.046875 0.06875
0 0.78359375 0.14921875 0.0359375 0.0640625
0 0.56640625 0.11328125 0.0703125 0.1171875
0 0.45703125 0.165625 0.0484375 0.06875
0 0.4140625 0.121875 0.0625 0.109375
0 0.22109375 0.0984375 0.0859375 0.10625
0 0.16953125 0.17734375 0.1015625 0.1171875
2 0.159375 0.540625 0.153125 0.465625
2 0.2359375 0.41484375 0.096875 0.3765625
2 0.41796875 0.43203125 0.1234375 0.3890625
2 0.5671875 0.4171875 0.121875 0.403125
2 0.73984375 0.490625 0.1203125 0.41875
2 0.8375 0.54296875 0.128125 0.5984375
2 0.93515625 0.3703125 0.0765625 0.284375
2 0.78515625 0.290625 0.0546875 0.128125
2 0.68125 0.40546875 0.05 0.2484375