0 0.53125 0.3734375 0.04375 0.0625
1 0.22890625 0.37578125 0.0390625 0.0546875
0 0.42734375 0.3921875 0.0453125 0.05625
1 0.69921875 0.403125 0.0453125 0.05
1 0.6140625 0.41171875 0.04375 0.0671875
1 0.34765625 0.42109375 0.0390625 0.0546875
1 0.81484375 0.43515625 0.0453125 0.0515625
1 0.6296875 0.49453125 0.028125 0.0515625
2 0.60078125 0.55859375 0.0609375 0.2078125
2 0.215625 0.56328125 0.090625 0.2359375
2 0.425 0.56875 0.090625 0.228125
2 0.709375 0.56953125 0.0875 0.1921875
2 0.52734375 0.56875 0.1171875 0.24375
2 0.334375 0.58359375 0.08125 0.2390625
2 0.81171875 0.6171875 0.0984375 0.225
2 0.6328125 0.6375 0.06875 0.18125