0 0.8796875 0.21953125 0.059375 0.0609375
0 0.6703125 0.20234375 0.065625 0.0765625
0 0.53515625 0.20703125 0.0609375 0.0640625
0 0.4625 0.21875 0.05 0.059375
0 0.33203125 0.2 0.0640625 0.06875
0 0.16171875 0.24765625 0.0828125 0.0859375
0 0.57734375 0.246875 0.0421875 0.059375
2 0.8671875 0.40234375 0.090625 0.1953125
2 0.671875 0.3921875 0.103125 0.2375
2 0.53984375 0.39296875 0.1140625 0.2171875
2 0.46015625 0.34453125 0.0734375 0.1578125
2 0.3390625 0.396875 0.125 0.225
2 0.16171875 0.43203125 0.1203125 0.2296875