0 0.746875 0.35625 0.09375 0.084375
0 0.5921875 0.33671875 0.075 0.0765625
0 0.44765625 0.340625 0.0671875 0.06875
0 0.34296875 0.4078125 0.1140625 0.121875
0 0.259375 0.3171875 0.065625 0.065625
0 0.06328125 0.34296875 0.0546875 0.0609375
0 0.02109375 0.340625 0.0421875 0.0625
2 0.75859375 0.58125 0.1015625 0.325
2 0.58828125 0.51171875 0.1140625 0.2359375
2 0.43828125 0.51015625 0.1015625 0.2015625
2 0.34609375 0.60390625 0.1328125 0.2890625
2 0.26640625 0.475 0.1078125 0.196875
2 0.06796875 0.465625 0.0859375 0.165625
2 0.01875 0.48671875 0.0375 0.1796875