0 0.7953125 0.4171875 0.0625 0.084375
0 0.65625 0.4484375 0.0625 0.0875
0 0.4015625 0.58828125 0.028125 0.0359375
0 0.32265625 0.5625 0.0234375 0.04375
0 0.2609375 0.571875 0.0375 0.034375
0 0.13671875 0.53828125 0.0546875 0.0515625
0 0.09296875 0.578125 0.0390625 0.059375
2 0.66953125 0.58671875 0.1046875 0.2140625
2 0.83046875 0.55625 0.0828125 0.19375
2 0.40390625 0.64609375 0.0359375 0.0765625
2 0.328125 0.6328125 0.046875 0.08125
2 0.25546875 0.62890625 0.0390625 0.0921875
2 0.1546875 0.66796875 0.05 0.1484375
2 0.07265625 0.64375 0.0515625 0.096875