0 0.4015625 0.28984375 0.046875 0.0453125
0 0.32109375 0.2953125 0.0453125 0.0375
0 0.46953125 0.30078125 0.0296875 0.0296875
0 0.54453125 0.31484375 0.0296875 0.0328125
0 0.58828125 0.3359375 0.0265625 0.028125
0 0.6609375 0.3609375 0.03125 0.025
2 0.65078125 0.4515625 0.0453125 0.10625
2 0.84296875 0.45703125 0.0828125 0.2515625
0 0.84296875 0.24921875 0.0640625 0.0703125
2 0.3078125 0.44140625 0.090625 0.1765625
2 0.39375 0.41640625 0.071875 0.1609375
2 0.46796875 0.43359375 0.0640625 0.1640625
2 0.5375 0.43515625 0.0625 0.1546875
2 0.58359375 0.43984375 0.0515625 0.1046875