0 0.3140625 0.3921875 0.025 0.040625
0 0.80703125 0.3703125 0.0203125 0.03125
0 0.78671875 0.3765625 0.0234375 0.03125
0 0.740625 0.36015625 0.028125 0.0390625
0 0.715625 0.37109375 0.025 0.0328125
0 0.6546875 0.365625 0.0375 0.046875
0 0.63125 0.3765625 0.021875 0.034375
0 0.6046875 0.36171875 0.0375 0.0453125
0 0.56328125 0.3625 0.0359375 0.05
0 0.53359375 0.3984375 0.0234375 0.03125
0 0.4921875 0.38671875 0.028125 0.0296875
2 0.8109375 0.4484375 0.03125 0.1
2 0.78984375 0.4578125 0.0328125 0.109375
2 0.74296875 0.4734375 0.0421875 0.14375
2 0.6796875 0.46875 0.04375 0.153125
2 0.61328125 0.496875 0.0421875 0.171875
2 0.5625 0.4703125 0.0375 0.125
2 0.53515625 0.48359375 0.0421875 0.1046875
2 0.4984375 0.45625 0.034375 0.09375
2 0.3140625 0.46796875 0.03125 0.1015625