3 0.5609375 0.234375 0.08125 0.153125
3 0.4703125 0.24453125 0.0875 0.1234375
3 0.1078125 0.63125 0.09375 0.159375
3 0.19375 0.7 0.078125 0.165625
3 0.265625 0.690625 0.096875 0.178125
3 0.35703125 0.6640625 0.0953125 0.2125
3 0.4546875 0.6328125 0.096875 0.16875
3 0.5515625 0.61875 0.090625 0.171875
3 0.6390625 0.603125 0.08125 0.153125
3 0.7234375 0.60859375 0.084375 0.1328125
3 0.80234375 0.64140625 0.0984375 0.1671875
0 0.78984375 0.5046875 0.0359375 0.0390625
0 0.72421875 0.50390625 0.040625 0.040625
0 0.63828125 0.3625 0.0375 0.0375
0 0.64140625 0.471875 0.0390625 0.0375
0 0.559375 0.5 0.0421875 0.05
0 0.4578125 0.4953125 0.040625 0.05
0 0.35703125 0.509375 0.0390625 0.046875
0 0.26015625 0.55546875 0.0453125 0.040625
0 0.19453125 0.56953125 0.0421875 0.0390625
0 0.12421875 0.51171875 0.0453125 0.0515625
0 0.47421875 0.13046875 0.0375 0.0390625
0 0.56171875 0.11796875 0.034375 0.0390625