3 0.6828125 0.42265625 0.1125 0.2359375
3 0.509375 0.42734375 0.1 0.2421875
1 0.51328125 0.2390625 0.0671875 0.0625
1 0.675 0.25546875 0.05625 0.0859375
1 0.93203125 0.25390625 0.0515625 0.0671875
1 0.85625 0.29453125 0.05625 0.0703125
1 0.82890625 0.2453125 0.0578125 0.065625
1 0.7609375 0.2953125 0.040625 0.046875
1 0.2046875 0.39375 0.05625 0.084375
1 0.39453125 0.30546875 0.0359375 0.0546875
1 0.46171875 0.309375 0.0296875 0.04375
1 0.1546875 0.36640625 0.04375 0.0578125
1 0.3296875 0.32734375 0.04375 0.0515625
1 0.22421875 0.33046875 0.0359375 0.0453125
1 0.33125 0.28359375 0.03125 0.0421875
1 0.37578125 0.3078125 0.0234375 0.040625
1 0.58984375 0.28984375 0.0359375 0.0453125
2 0.94375 0.4796875 0.1125 0.284375
2 0.8625 0.484375 0.10625 0.228125
2 0.76640625 0.434375 0.0984375 0.18125
2 0.221875 0.578125 0.115625 0.240625
2 0.40703125 0.43359375 0.0640625 0.1640625
2 0.25546875 0.41015625 0.0765625 0.0859375
2 0.33359375 0.4546875 0.0890625 0.1875
2 0.15703125 0.47265625 0.0921875 0.1671875
2 0.58671875 0.38359375 0.0609375 0.1453125