0 0.33046875 0.02361111111111111 0.065625 0.04722222222222222
0 0.533984375 0.25625 0.01953125 0.02638888888888889
0 0.670703125 0.3 0.01171875 0.019444444444444445
0 0.771875 0.225 0.0234375 0.03333333333333333
0 0.8265625 0.22569444444444445 0.03125 0.043055555555555555
0 0.954296875 0.2513888888888889 0.02734375 0.030555555555555555
0 0.98046875 0.25972222222222224 0.021875 0.025
3 0.319140625 0.23125 0.14921875 0.3013888888888889
3 0.766015625 0.3194444444444444 0.06171875 0.13055555555555556
0 0.455078125 0.36041666666666666 0.02421875 0.06527777777777778
3 0.403125 0.37222222222222223 0.071875 0.07222222222222222
2 0.536328125 0.34444444444444444 0.06640625 0.11944444444444445
2 0.66953125 0.3590277777777778 0.0375 0.06805555555555555
2 0.96171875 0.33819444444444446 0.05625 0.10694444444444444
2 0.821875 0.3215277777777778 0.05 0.12916666666666668