0 0.719 0.17867867867867868 0.082 0.07507507507507508
0 0.362 0.21771771771771772 0.036 0.07507507507507508
0 0.411 0.2087087087087087 0.074 0.08108108108108109
0 0.508 0.22822822822822822 0.068 0.07807807807807808
0 0.268 0.19519519519519518 0.068 0.07807807807807808
0 0.215 0.20270270270270271 0.042 0.057057057057057055
2 0.383 0.46096096096096095 0.174 0.34534534534534533
2 0.541 0.46096096096096095 0.138 0.30930930930930933
2 0.739 0.44294294294294295 0.13 0.3213213213213213
2 0.249 0.4219219219219219 0.122 0.3333333333333333
2 0.033 0.3918918918918919 0.066 0.2732732732732733