3 0.39296875 0.4909722222222222 0.15625 0.38472222222222224
3 0.677734375 0.42430555555555555 0.10703125 0.35694444444444445
1 0.638671875 0.16111111111111112 0.07265625 0.125
1 0.4046875 0.2 0.065625 0.10555555555555556
1 0.1984375 0.5291666666666667 0.0265625 0.05277777777777778
1 0.555859375 0.6791666666666667 0.08671875 0.11944444444444445
2 0.184765625 0.6416666666666667 0.06328125 0.16944444444444445
2 0.121875 0.7590277777777777 0.0671875 0.15416666666666667
2 0.619140625 0.8826388888888889 0.17421875 0.23472222222222222
2 0.045703125 0.75625 0.02734375 0.06527777777777778
1 0.29609375 0.9048611111111111 0.0875 0.18194444444444444