0 0.01796875 0.278125 0.0359375 0.08125
0 0.02890625 0.2265625 0.0421875 0.071875
0 0.2640625 0.32109375 0.028125 0.0515625
0 0.215625 0.2921875 0.03125 0.05625
1 0.16484375 0.3234375 0.0296875 0.05
0 0.11328125 0.30078125 0.0390625 0.0734375
0 0.084375 0.2859375 0.028125 0.0875
0 0.06171875 0.29296875 0.0484375 0.0703125
0 0.64765625 0.3671875 0.0265625 0.053125
0 0.78984375 0.36484375 0.0359375 0.0765625
2 0.64453125 0.4859375 0.0359375 0.15
2 0.79921875 0.56640625 0.0609375 0.2390625
2 0.2625 0.453125 0.046875 0.175
2 0.215625 0.4390625 0.04375 0.171875
2 0.16171875 0.4703125 0.0515625 0.209375
2 0.1140625 0.4765625 0.05625 0.221875
2 0.06171875 0.47109375 0.0515625 0.2328125
2 0.02578125 0.4890625 0.0515625 0.25625