0 0.4640625 0.30859375 0.034375 0.0453125
0 0.3171875 0.31640625 0.0375 0.0453125
0 0.6265625 0.32109375 0.028125 0.0453125
0 0.5453125 0.321875 0.025 0.03125
0 0.74296875 0.34375 0.0421875 0.046875
0 0.38515625 0.3515625 0.0359375 0.04375
1 0.6609375 0.36640625 0.0375 0.0390625
0 0.56484375 0.38046875 0.0390625 0.0484375
0 0.28125 0.38671875 0.046875 0.0609375
0 0.45 0.38984375 0.046875 0.0515625
0 0.1734375 0.39765625 0.05625 0.0546875
0 0.34453125 0.44375 0.0484375 0.05625
0 0.24921875 0.47578125 0.0546875 0.0484375
3 0.74609375 0.48828125 0.0796875 0.2234375
3 0.84921875 0.51171875 0.0734375 0.2390625
3 0.66015625 0.51015625 0.0859375 0.2390625
3 0.56640625 0.52890625 0.0703125 0.2015625
3 0.459375 0.5328125 0.071875 0.19375
3 0.35546875 0.62421875 0.0796875 0.2171875
3 0.25 0.64921875 0.096875 0.2484375
0 0.6703125 0.18125 0.03125 0.03125
0 0.7890625 0.2828125 0.034375 0.05625
0 0.709375 0.28671875 0.028125 0.0484375