3 0.41796875 0.5680555555555555 0.0734375 0.19166666666666668
3 0.54453125 0.53125 0.075 0.20694444444444443
1 0.420703125 0.4083333333333333 0.03984375 0.06666666666666667
1 0.547265625 0.36041666666666666 0.03828125 0.06805555555555555
1 0.2578125 0.5791666666666667 0.028125 0.041666666666666664
1 0.3171875 0.5701388888888889 0.0203125 0.043055555555555555
1 0.294921875 0.6034722222222222 0.01484375 0.03194444444444444
1 0.915625 0.5472222222222223 0.0234375 0.041666666666666664
2 0.912890625 0.6277777777777778 0.04921875 0.1111111111111111
2 0.255859375 0.6430555555555556 0.03984375 0.09722222222222222
2 0.321875 0.6381944444444444 0.040625 0.10138888888888889
2 0.291796875 0.6479166666666667 0.02578125 0.06527777777777778