0 0.228 0.6081081081081081 0.072 0.06306306306306306
0 0.276 0.6726726726726727 0.088 0.09009009009009009
0 0.394 0.5990990990990991 0.036 0.03303303303303303
0 0.492 0.6561561561561562 0.044 0.08108108108108109
0 0.559 0.6456456456456456 0.066 0.07207207207207207
0 0.69 0.5945945945945946 0.076 0.05405405405405406
3 0.732 0.7987987987987988 0.116 0.2702702702702703
3 0.561 0.8438438438438438 0.134 0.25825825825825827
3 0.269 0.8813813813813813 0.146 0.23123123123123124
3 0.194 0.7717717717717718 0.088 0.22822822822822822
3 0.49 0.7657657657657657 0.08 0.14414414414414414
2 0.371 0.7297297297297297 0.074 0.16816816816816818