1 0.43893750000000004 0.35535937500000003 0.050062499999999996 0.114328125
0 0.257390625 0.214453125 0.0420625 0.038125
1 0.369375 0.3443125 0.054421874999999995 0.13709375
1 0.501765625 0.380515625 0.053468749999999995 0.113328125
0 0.613 0.259203125 0.033765625 0.04384375
1 0.256484375 0.342046875 0.0718125 0.15440625
0 0.548359375 0.22628125 0.04021875 0.041015625
1 0.609984375 0.374734375 0.062125 0.15912500000000002
0 0.43729687500000003 0.274421875 0.03359375 0.043140625
1 0.5515156250000001 0.332703125 0.04959375 0.129140625
0 0.3774375 0.24532812499999998 0.032953125 0.047625