1 0.5610625 0.35535937500000003 0.05006249999999994 0.11432812499999993
0 0.742609375 0.214453125 0.04206249999999993 0.038124999999999964
1 0.630625 0.3443125 0.054421875000000064 0.13709375000000001
1 0.498234375 0.380515625 0.053468750000000044 0.11332812500000004
0 0.387 0.259203125 0.03376562500000002 0.04384375
1 0.743515625 0.342046875 0.07181250000000006 0.15440625
0 0.451640625 0.22628125 0.04021875000000001 0.041015625
1 0.39001562500000003 0.374734375 0.062124999999999986 0.15912499999999996
0 0.562703125 0.274421875 0.03359375 0.04314062500000002
1 0.44848437499999994 0.332703125 0.04959375000000001 0.12914062499999995
0 0.6225625 0.24532812499999998 0.03295312500000005 0.04762500000000003