1 0.18328125 0.37075 0.106484375 0.320671875
1 0.32018749999999996 0.383390625 0.10353125 0.261140625
1 0.42709374999999994 0.39834375 0.085171875 0.210671875
1 0.5646093750000001 0.46128125000000003 0.087890625 0.211578125
1 0.70528125 0.391375 0.101390625 0.228015625
1 0.8602968750000001 0.54959375 0.103390625 0.254265625
0 0.713796875 0.20365625 0.060375 0.075765625
0 0.879609375 0.35046875 0.075046875 0.0836875
0 0.568734375 0.294546875 0.06934375000000001 0.079
0 0.43206249999999996 0.25853125 0.068359375 0.09623437500000001
0 0.33178125 0.21170312500000002 0.059750000000000004 0.10079687500000001
0 0.191859375 0.096703125 0.079015625 0.080625