1 0.81671875 0.37075 0.10648437500000014 0.32067187499999994
1 0.6798125 0.383390625 0.10353124999999999 0.261140625
1 0.5729062500000001 0.39834375 0.08517187499999998 0.21067187500000006
1 0.435390625 0.46128125000000003 0.087890625 0.21157812499999995
1 0.29471875000000003 0.391375 0.10139062499999998 0.228015625
1 0.13970312499999996 0.54959375 0.10339062500000003 0.25426562500000005
0 0.286203125 0.20365625 0.06037499999999998 0.07576562500000002
0 0.12039062499999993 0.35046875 0.075046875 0.0836875
0 0.431265625 0.294546875 0.06934375 0.079
0 0.5679375 0.25853125 0.068359375 0.09623437499999996
0 0.66821875 0.21170312500000002 0.05975000000000001 0.10079687499999998
0 0.8081406250000001 0.096703125 0.0790156249999999 0.08062499999999999