1 0.19471875 0.2993796296296296 0.13357812500000002 0.2530833333333333
1 0.40867187499999996 0.2901296296296296 0.07883854166666666 0.18826851851851853
1 0.09317708333333334 0.25077777777777777 0.06763020833333333 0.1651203703703704
1 0.3513854166666667 0.2361111111111111 0.04935416666666667 0.1450648148148148
1 0.49590104166666665 0.3263888888888889 0.06754166666666667 0.14660185185185187
1 0.75671875 0.18981481481481483 0.044041666666666666 0.10493518518518519
1 0.9207552083333332 0.057101851851851855 0.05267708333333333 0.07099074074074074
0 0.43341145833333333 0.1412037037037037 0.03977083333333333 0.08178703703703703
0 0.198625 0.08487962962962962 0.06675520833333333 0.07099074074074074
0 0.094046875 0.11420370370370371 0.03638541666666666 0.05555555555555555
0 0.25938541666666665 0.15662962962962962 0.0268125 0.03549074074074074
0 0.3578958333333333 0.125 0.04327604166666667 0.046296296296296294
0 0.7610520833333333 0.11882407407407408 0.031890625 0.04937962962962963
0 0.49156249999999996 0.23148148148148148 0.03802604166666667 0.03086111111111111