1 0.19298437499999999 0.2577129629629629 0.13357812500000002 0.2530833333333334
1 0.41301041666666666 0.5154351851851852 0.06148437499999997 0.1388888888888889
1 0.12919270833333335 0.15200925925925926 0.04246354166666665 0.06018518518518518
1 0.33619791666666665 0.2175925925925926 0.07972916666666663 0.14506481481481479
1 0.48114583333333333 0.3140462962962963 0.0675416666666667 0.1466018518518519
1 0.737625 0.19058333333333335 0.04404166666666664 0.12808333333333333
1 0.9068697916666667 0.047842592592592596 0.05267708333333327 0.07099074074074073
1 0.49806249999999996 0.1736111111111111 0.014614583333333304 0.04784259259259261
1 0.4772447916666666 0.18518518518518517 0.018067708333333363 0.037037037037037035
0 0.4594479166666667 0.4976851851851852 0.03977083333333328 0.08178703703703696
0 0.20122916666666668 0.057101851851851855 0.06675520833333332 0.07099074074074073
0 0.13309895833333335 0.0941388888888889 0.03638541666666668 0.05555555555555555
0 0.23682291666666666 0.12113888888888891 0.02681250000000001 0.035490740740740725
0 0.3405416666666667 0.10802777777777779 0.043276041666666626 0.046296296296296294
0 0.7397552083333333 0.10189814814814814 0.025890625000000018 0.036944444444444446