1 0.19471875 0.2993796296296296 0.13357812500000002 0.2530833333333334
1 0.40867187499999996 0.2901296296296296 0.07883854166666673 0.18826851851851856
1 0.09317708333333334 0.25077777777777777 0.06763020833333332 0.16512037037037042
1 0.3513854166666667 0.2361111111111111 0.049354166666666664 0.14506481481481479
1 0.49590104166666665 0.3263888888888889 0.0675416666666667 0.1466018518518519
1 0.75671875 0.18981481481481483 0.04404166666666664 0.10493518518518523
1 0.9207552083333332 0.057101851851851855 0.05267708333333327 0.07099074074074073
0 0.43341145833333333 0.1412037037037037 0.03977083333333328 0.08178703703703702
0 0.198625 0.08487962962962962 0.06675520833333332 0.07099074074074073
0 0.094046875 0.11420370370370371 0.03638541666666668 0.05555555555555555
0 0.25938541666666665 0.15662962962962962 0.02681250000000001 0.035490740740740725
0 0.3578958333333333 0.125 0.043276041666666626 0.046296296296296294
0 0.7610520833333333 0.11882407407407408 0.03189062500000001 0.049379629629629614
0 0.49156249999999996 0.23148148148148148 0.03802604166666666 0.030861111111111148